0.000010 0.867233 0.000010 0.132727 0.000010 0.000010
0.000010 0.906594 0.067989 0.025387 0.000010 0.000010
0.000010 0.879945 0.000010 0.000010 0.120015 0.000010
0.000010 0.874262 0.047532 0.059981 0.018204 0.000010
0.000010 0.881707 0.000010 0.000010 0.000010 0.118253
0.034119 0.895453 0.000010 0.000010 0.070398 0.000010
0.036965 0.898426 0.000016 0.064573 0.000010 0.000010
0.072052 0.848832 0.000010 0.000010 0.079086 0.000010
0.000010 0.897459 0.005451 0.097060 0.000010 0.000010
0.092223 0.883879 0.000010 0.000010 0.023868 0.000010
0.026306 0.000352 0.012143 0.000010 0.903409 0.057780
0.000010 0.000010 0.018614 0.000010 0.981346 0.000010
0.000010 0.000010 0.014054 0.046976 0.909326 0.029624
0.000010 0.000230 0.041164 0.000010 0.958576 0.000010
0.000010 0.000010 0.040129 0.000010 0.934135 0.025705
0.000010 0.000010 0.027056 0.000010 0.831198 0.141716
0.000010 0.000010 0.013261 0.000010 0.937206 0.049503
0.000010 0.000010 0.008125 0.000010 0.991835 0.000010
0.000010 0.001299 0.032876 0.000010 0.947259 0.018546
0.000010 0.000010 0.000010 0.000010 0.999950 0.000010
0.000010 0.000010 0.000010 0.000010 0.999950 0.000010
0.000010 0.000010 0.066384 0.000010 0.914284 0.019302
0.008692 0.000010 0.049229 0.000010 0.882947 0.059111
0.000010 0.000010 0.019652 0.000010 0.891122 0.089195
0.000010 0.000647 0.067715 0.000010 0.870079 0.061539
0.000010 0.000010 0.036899 0.000010 0.918984 0.044087
0.000010 0.000010 0.000010 0.028821 0.971139 0.000010
0.000010 0.000016 0.000010 0.000010 0.886691 0.113263
0.000010 0.000035 0.009882 0.000010 0.917038 0.073026
0.006090 0.000010 0.061105 0.000010 0.932774 0.000010
0.009083 0.000010 0.005652 0.000010 0.902656 0.082589
0.000010 0.000010 0.000010 0.000010 0.992729 0.007231
0.000010 0.000010 0.005099 0.000010 0.949560 0.045311
0.000010 0.000010 0.021805 0.000010 0.978155 0.000010
0.000010 0.000010 0.000010 0.000010 0.933371 0.066589
0.012088 0.000010 0.011407 0.000010 0.976475 0.000010
0.000010 0.000010 0.000010 0.000012 0.999948 0.000010
0.000010 0.000290 0.009232 0.000010 0.990449 0.000010
0.035095 0.000010 0.048208 0.000010 0.916667 0.000010
0.034599 0.000010 0.000010 0.000010 0.947579 0.017792
0.000010 0.000010 0.019201 0.000010 0.867977 0.112792
0.000010 0.001307 0.000010 0.000010 0.984283 0.014381
0.000010 0.000010 0.000097 0.008462 0.991411 0.000010
0.019223 0.002311 0.003153 0.013982 0.961321 0.000010
0.000010 0.000010 0.034745 0.000010 0.965215 0.000010
0.000010 0.001092 0.010173 0.000010 0.908310 0.080406
0.012737 0.001371 0.000621 0.000010 0.923082 0.062179
0.011196 0.000010 0.011654 0.000010 0.944234 0.032896
0.005875 0.001044 0.025800 0.000010 0.921203 0.046068
0.000010 0.000010 0.068026 0.000010 0.850371 0.081573
0.003244 0.000010 0.018797 0.000010 0.941510 0.036430
0.000010 0.000010 0.000010 0.000010 0.999950 0.000010
0.000010 0.000010 0.024616 0.000010 0.870112 0.105242
0.000010 0.000010 0.028276 0.000010 0.901183 0.070512
0.000010 0.000010 0.001258 0.000010 0.938783 0.059929
0.044971 0.000010 0.016541 0.000010 0.926422 0.012046
0.035161 0.000010 0.000010 0.000010 0.919775 0.045034
0.000010 0.000010 0.000010 0.000010 0.947540 0.052420
0.000010 0.003289 0.044759 0.000010 0.906461 0.045471
0.000010 0.000010 0.003833 0.000010 0.996127 0.000010
0.000010 0.002182 0.055202 0.000220 0.871097 0.071290
0.000010 0.000010 0.018003 0.000010 0.908668 0.073299
0.006826 0.001603 0.003537 0.000010 0.904846 0.083178
0.009230 0.000010 0.011612 0.000010 0.905497 0.073641
0.000010 0.000010 0.000010 0.000010 0.999950 0.000010
0.013510 0.000206 0.008931 0.009458 0.909987 0.057907
0.060028 0.000010 0.047566 0.000010 0.892377 0.000010
0.102942 0.002960 0.062027 0.000010 0.801355 0.030706
0.000010 0.000010 0.081043 0.000010 0.842937 0.075990
0.048162 0.002864 0.051339 0.000010 0.897614 0.000010
0.055789 0.002436 0.014981 0.000010 0.877402 0.049382
0.078776 0.000010 0.000010 0.000010 0.921184 0.000010
0.123074 0.001075 0.020957 0.000010 0.834718 0.020167
0.000010 0.000010 0.068127 0.000010 0.931833 0.000010
0.047241 0.000010 0.027973 0.013793 0.910974 0.000010
0.038888 0.002605 0.084632 0.000010 0.818253 0.055613
0.069735 0.001237 0.000012 0.000010 0.818655 0.110351
0.053045 0.000010 0.087707 0.000010 0.783548 0.075679
0.017531 0.005696 0.100527 0.000010 0.855064 0.021171
0.060512 0.001501 0.129307 0.000010 0.735856 0.072814
0.018319 0.001671 0.000010 0.000010 0.827622 0.152368
0.080644 0.002221 0.008921 0.000010 0.901850 0.006354
0.023377 0.000010 0.000010 0.004910 0.842390 0.129303
0.000010 0.000010 0.008449 0.000010 0.957786 0.033735
0.000010 0.000010 0.023664 0.000010 0.869877 0.106429
0.000010 0.000010 0.021261 0.000010 0.978699 0.000010
0.000010 0.000010 0.000011 0.000010 0.874472 0.125487
0.000010 0.000010 0.015254 0.000010 0.914665 0.070051
0.000010 0.000865 0.016443 0.000010 0.911102 0.071570
0.003195 0.000010 0.041740 0.000010 0.906405 0.048640
0.000010 0.000010 0.033184 0.000010 0.910894 0.055893
0.000010 0.000010 0.017508 0.000010 0.958332 0.024130
0.008667 0.000010 0.014873 0.000010 0.908494 0.067946
0.021675 0.000010 0.000010 0.014250 0.882432 0.081623
0.000010 0.000010 0.060779 0.000010 0.939181 0.000010
0.000010 0.000010 0.000010 0.010369 0.989591 0.000010
0.000010 0.001171 0.015070 0.018520 0.915270 0.049960
0.000010 0.003893 0.029456 0.000010 0.882821 0.083810
0.000010 0.000010 0.018576 0.004271 0.965831 0.011302
0.000010 0.000010 0.036274 0.000010 0.882591 0.081104
0.000010 0.000010 0.007812 0.000010 0.948875 0.043283
0.000010 0.000010 0.036275 0.000010 0.959228 0.004467
0.000010 0.000207 0.022965 0.000010 0.872352 0.104456
0.000010 0.003583 0.021505 0.000010 0.963317 0.011575
0.000010 0.000010 0.072207 0.000010 0.910691 0.017073
0.001512 0.000010 0.003672 0.000010 0.893663 0.101133
0.051333 0.000010 0.000010 0.028054 0.835440 0.085153
0.000010 0.002489 0.023410 0.000010 0.974071 0.000010
0.000010 0.000010 0.000450 0.000010 0.999510 0.000010
0.000010 0.000010 0.044461 0.000010 0.955499 0.000010
0.044782 0.000010 0.000569 0.000010 0.924379 0.030250
0.007024 0.000010 0.006438 0.000010 0.883351 0.103167
0.000010 0.000010 0.056058 0.000010 0.798949 0.144963
0.000010 0.001199 0.029074 0.000010 0.945632 0.024074
0.033423 0.000010 0.032680 0.000010 0.884933 0.048944
0.025017 0.000838 0.114875 0.000010 0.859251 0.000010
0.045950 0.003132 0.061825 0.000010 0.786738 0.102345
0.000010 0.000010 0.147098 0.000010 0.852862 0.000010
0.097141 0.000876 0.032268 0.019354 0.800260 0.050102
0.078522 0.002331 0.037833 0.000010 0.830752 0.050551
0.001429 0.002647 0.047979 0.000010 0.899889 0.048046
0.009751 0.001430 0.082995 0.000010 0.872324 0.033489
0.064571 0.000010 0.061933 0.004590 0.768334 0.100563
0.045250 0.001167 0.036805 0.000010 0.795872 0.120895
0.000010 0.000885 0.091180 0.000010 0.851338 0.056577
0.000010 0.002464 0.012198 0.000010 0.920828 0.064490
0.063043 0.001113 0.025337 0.011708 0.898788 0.000010
0.050285 0.002016 0.036092 0.000010 0.838631 0.072966
0.051689 0.000010 0.018335 0.000010 0.889285 0.040672
0.033148 0.000556 0.087306 0.000010 0.878969 0.000010
0.025024 0.002764 0.065773 0.000010 0.906419 0.000010
0.025967 0.001485 0.060346 0.000010 0.739452 0.172740
0.126353 0.001294 0.005805 0.000010 0.866529 0.000010
0.046598 0.002971 0.047752 0.000010 0.902659 0.000010
0.045491 0.000010 0.083054 0.000010 0.839089 0.032347
0.091544 0.002658 0.061302 0.000010 0.844476 0.000010
0.091447 0.000010 0.044607 0.000010 0.863917 0.000010
0.081847 0.000184 0.041241 0.000010 0.876708 0.000010
0.000010 0.000632 0.070745 0.000010 0.881993 0.046610
0.033627 0.002806 0.078201 0.000010 0.885346 0.000010
0.115147 0.000010 0.008248 0.000010 0.876576 0.000010
0.029027 0.003750 0.007204 0.000010 0.959999 0.000010
0.053994 0.002462 0.037291 0.000010 0.832530 0.073712
0.116840 0.002668 0.039667 0.000010 0.840805 0.000010
0.055099 0.001352 0.003627 0.000010 0.894177 0.045736
0.063627 0.003422 0.072614 0.000010 0.814636 0.045692
0.000010 0.003879 0.055189 0.000010 0.759491 0.181421
0.160562 0.003810 0.010837 0.000010 0.824772 0.000010
0.083481 0.002595 0.001173 0.000010 0.891820 0.020922
0.089570 0.000010 0.010202 0.024791 0.840870 0.034558
0.067517 0.000660 0.010137 0.000010 0.921666 0.000010
0.055048 0.003292 0.036183 0.000010 0.812601 0.092865
0.046289 0.000754 0.031759 0.000010 0.871097 0.050091
0.000010 0.006264 0.078704 0.000010 0.893401 0.021611
0.073494 0.000010 0.050261 0.006537 0.860110 0.009588
0.056476 0.000754 0.037488 0.000010 0.811414 0.093859
0.059815 0.004364 0.016519 0.000010 0.919282 0.000010
0.080606 0.000946 0.092407 0.000010 0.769851 0.056180
0.024920 0.000010 0.043028 0.011910 0.850699 0.069433
0.049193 0.002399 0.036689 0.000010 0.911700 0.000010
0.012464 0.007494 0.078467 0.000010 0.821042 0.080524
0.075563 0.002347 0.000010 0.005348 0.908536 0.008196
0.047118 0.002277 0.035434 0.000010 0.884512 0.030649
0.084872 0.004737 0.054896 0.000010 0.832866 0.022619
0.084723 0.000031 0.006149 0.000010 0.887463 0.021624
0.133620 0.006060 0.000010 0.000010 0.860290 0.000010
0.074588 0.003147 0.044503 0.000010 0.862084 0.015669
0.000010 0.000938 0.004988 0.000010 0.922848 0.071206
0.050511 0.000173 0.028539 0.000010 0.878784 0.041983
0.127211 0.000405 0.037715 0.000010 0.834648 0.000010
0.128716 0.000010 0.064542 0.000010 0.802537 0.004185
0.061641 0.000010 0.012029 0.000010 0.926300 0.000010
0.087369 0.001594 0.000010 0.000010 0.774019 0.136998
0.027173 0.002820 0.089504 0.000010 0.880484 0.000010
0.089398 0.000316 0.023299 0.000010 0.886967 0.000010
0.021337 0.000010 0.093420 0.000010 0.885213 0.000010
0.081713 0.000010 0.000010 0.000010 0.841224 0.077034
0.028156 0.002996 0.028833 0.000010 0.854077 0.085928
0.061887 0.000010 0.000010 0.000010 0.889617 0.048466
0.035964 0.002351 0.045918 0.000010 0.776183 0.139575
0.081441 0.000010 0.053397 0.000010 0.865132 0.000010
0.078575 0.003594 0.058977 0.000010 0.858834 0.000010
0.060430 0.000010 0.000010 0.025976 0.826711 0.086862
0.093399 0.001272 0.035815 0.000010 0.800567 0.068937
0.049500 0.000894 0.068344 0.000010 0.819299 0.061953
0.079170 0.000010 0.000010 0.000010 0.884977 0.035822
0.108694 0.002628 0.044304 0.000010 0.844354 0.000010
0.092008 0.000010 0.003703 0.000010 0.869291 0.034978
0.062502 0.002911 0.067421 0.000010 0.804983 0.062173
0.064944 0.000010 0.000010 0.000010 0.879246 0.055781
0.085599 0.000654 0.030718 0.000010 0.850410 0.032609
0.050677 0.001519 0.060969 0.009017 0.877808 0.000010
0.074995 0.000010 0.035256 0.000010 0.889718 0.000010
0.026561 0.003546 0.016550 0.000010 0.920590 0.032743
0.071103 0.002775 0.049306 0.000010 0.876796 0.000010
0.072541 0.005428 0.000010 0.000010 0.883169 0.038842
0.999950 0.000010 0.000010 0.000010 0.000010 0.000010
0.999950 0.000010 0.000010 0.000010 0.000010 0.000010
0.999950 0.000010 0.000010 0.000010 0.000010 0.000010
0.999950 0.000010 0.000010 0.000010 0.000010 0.000010
0.992403 0.000010 0.000010 0.007557 0.000010 0.000010
0.999950 0.000010 0.000010 0.000010 0.000010 0.000010
0.999950 0.000010 0.000010 0.000010 0.000010 0.000010
0.999950 0.000010 0.000010 0.000010 0.000010 0.000010
0.999950 0.000010 0.000010 0.000010 0.000010 0.000010
0.995112 0.000010 0.004848 0.000010 0.000010 0.000010
0.999950 0.000010 0.000010 0.000010 0.000010 0.000010
0.999950 0.000010 0.000010 0.000010 0.000010 0.000010
0.999950 0.000010 0.000010 0.000010 0.000010 0.000010
0.999950 0.000010 0.000010 0.000010 0.000010 0.000010
0.999950 0.000010 0.000010 0.000010 0.000010 0.000010
0.999950 0.000010 0.000010 0.000010 0.000010 0.000010
0.999943 0.000010 0.000010 0.000010 0.000017 0.000010
0.999946 0.000010 0.000010 0.000014 0.000010 0.000010
0.976369 0.000010 0.023591 0.000010 0.000010 0.000010
0.999950 0.000010 0.000010 0.000010 0.000010 0.000010
0.999950 0.000010 0.000010 0.000010 0.000010 0.000010
0.999950 0.000010 0.000010 0.000010 0.000010 0.000010
0.999950 0.000010 0.000010 0.000010 0.000010 0.000010
0.963779 0.000010 0.036181 0.000010 0.000010 0.000010
0.999950 0.000010 0.000010 0.000010 0.000010 0.000010
0.977862 0.000010 0.022098 0.000010 0.000010 0.000010
0.999950 0.000010 0.000010 0.000010 0.000010 0.000010
0.999950 0.000010 0.000010 0.000010 0.000010 0.000010
0.999950 0.000010 0.000010 0.000010 0.000010 0.000010
0.999950 0.000010 0.000010 0.000010 0.000010 0.000010
0.999950 0.000010 0.000010 0.000010 0.000010 0.000010
0.999950 0.000010 0.000010 0.000010 0.000010 0.000010
0.995807 0.000010 0.004153 0.000010 0.000010 0.000010
0.999950 0.000010 0.000010 0.000010 0.000010 0.000010
0.999950 0.000010 0.000010 0.000010 0.000010 0.000010
0.999950 0.000010 0.000010 0.000010 0.000010 0.000010
0.996996 0.000010 0.000010 0.002964 0.000010 0.000010
0.999950 0.000010 0.000010 0.000010 0.000010 0.000010
0.976540 0.000010 0.000010 0.023420 0.000010 0.000010
0.999950 0.000010 0.000010 0.000010 0.000010 0.000010
0.999950 0.000010 0.000010 0.000010 0.000010 0.000010
0.999949 0.000010 0.000010 0.000011 0.000010 0.000010
0.999950 0.000010 0.000010 0.000010 0.000010 0.000010
0.999950 0.000010 0.000010 0.000010 0.000010 0.000010
0.999948 0.000010 0.000012 0.000010 0.000010 0.000010
0.980827 0.000010 0.019133 0.000010 0.000010 0.000010
0.998242 0.000010 0.001718 0.000010 0.000010 0.000010
0.999950 0.000010 0.000010 0.000010 0.000010 0.000010
0.999950 0.000010 0.000010 0.000010 0.000010 0.000010
0.999950 0.000010 0.000010 0.000010 0.000010 0.000010
0.999950 0.000010 0.000010 0.000010 0.000010 0.000010
0.999950 0.000010 0.000010 0.000010 0.000010 0.000010
0.999950 0.000010 0.000010 0.000010 0.000010 0.000010
0.999950 0.000010 0.000010 0.000010 0.000010 0.000010
0.972511 0.000010 0.000010 0.000010 0.000010 0.027449
0.986619 0.000010 0.013341 0.000010 0.000010 0.000010
0.999950 0.000010 0.000010 0.000010 0.000010 0.000010
0.999950 0.000010 0.000010 0.000010 0.000010 0.000010
0.996999 0.000010 0.000010 0.000010 0.000010 0.002961
0.999950 0.000010 0.000010 0.000010 0.000010 0.000010
0.999950 0.000010 0.000010 0.000010 0.000010 0.000010
0.999950 0.000010 0.000010 0.000010 0.000010 0.000010
0.999950 0.000010 0.000010 0.000010 0.000010 0.000010
0.999950 0.000010 0.000010 0.000010 0.000010 0.000010
0.999950 0.000010 0.000010 0.000010 0.000010 0.000010
0.999950 0.000010 0.000010 0.000010 0.000010 0.000010
0.999950 0.000010 0.000010 0.000010 0.000010 0.000010
0.999950 0.000010 0.000010 0.000010 0.000010 0.000010
0.000010 0.000010 0.135287 0.089893 0.736000 0.038800
0.007804 0.000010 0.105314 0.085941 0.771842 0.029090
0.022353 0.000010 0.150656 0.216638 0.591190 0.019154
0.000010 0.000010 0.154719 0.081997 0.713010 0.050254
0.000010 0.000010 0.157810 0.155801 0.665853 0.020517
0.999950 0.000010 0.000010 0.000010 0.000010 0.000010
0.999950 0.000010 0.000010 0.000010 0.000010 0.000010
0.999950 0.000010 0.000010 0.000010 0.000010 0.000010
0.999950 0.000010 0.000010 0.000010 0.000010 0.000010
0.999459 0.000010 0.000501 0.000010 0.000010 0.000010
0.999950 0.000010 0.000010 0.000010 0.000010 0.000010
0.999950 0.000010 0.000010 0.000010 0.000010 0.000010
0.992571 0.000010 0.007389 0.000010 0.000010 0.000010
0.990779 0.000010 0.009181 0.000010 0.000010 0.000010
0.999950 0.000010 0.000010 0.000010 0.000010 0.000010
0.990296 0.000010 0.000010 0.009664 0.000010 0.000010
0.999940 0.000010 0.000020 0.000010 0.000010 0.000010
0.999950 0.000010 0.000010 0.000010 0.000010 0.000010
0.999950 0.000010 0.000010 0.000010 0.000010 0.000010
0.999950 0.000010 0.000010 0.000010 0.000010 0.000010
0.999950 0.000010 0.000010 0.000010 0.000010 0.000010
0.999950 0.000010 0.000010 0.000010 0.000010 0.000010
0.999943 0.000010 0.000010 0.000017 0.000010 0.000010
0.999950 0.000010 0.000010 0.000010 0.000010 0.000010
0.991348 0.000010 0.000010 0.008612 0.000010 0.000010
0.999950 0.000010 0.000010 0.000010 0.000010 0.000010
0.978552 0.000010 0.000017 0.000010 0.013299 0.008113
0.999290 0.000010 0.000670 0.000010 0.000010 0.000010
0.999950 0.000010 0.000010 0.000010 0.000010 0.000010
0.999950 0.000010 0.000010 0.000010 0.000010 0.000010
0.981672 0.000010 0.018288 0.000010 0.000010 0.000010
0.999950 0.000010 0.000010 0.000010 0.000010 0.000010
0.999950 0.000010 0.000010 0.000010 0.000010 0.000010
0.985246 0.000010 0.014714 0.000010 0.000010 0.000010
0.986675 0.000010 0.000010 0.000010 0.000010 0.013285
0.999950 0.000010 0.000010 0.000010 0.000010 0.000010
0.999950 0.000010 0.000010 0.000010 0.000010 0.000010
0.999950 0.000010 0.000010 0.000010 0.000010 0.000010
0.999950 0.000010 0.000010 0.000010 0.000010 0.000010
0.999950 0.000010 0.000010 0.000010 0.000010 0.000010
0.999950 0.000010 0.000010 0.000010 0.000010 0.000010
0.999950 0.000010 0.000010 0.000010 0.000010 0.000010
0.999950 0.000010 0.000010 0.000010 0.000010 0.000010
0.999950 0.000010 0.000010 0.000010 0.000010 0.000010
0.991513 0.000010 0.000010 0.000010 0.008447 0.000010
0.994460 0.000010 0.000010 0.000010 0.005500 0.000010
0.980512 0.000010 0.000010 0.000010 0.000010 0.019448
0.999950 0.000010 0.000010 0.000010 0.000010 0.000010
0.999950 0.000010 0.000010 0.000010 0.000010 0.000010
0.999950 0.000010 0.000010 0.000010 0.000010 0.000010
0.999940 0.000010 0.000010 0.000020 0.000010 0.000010
0.999950 0.000010 0.000010 0.000010 0.000010 0.000010
0.981651 0.000010 0.018309 0.000010 0.000010 0.000010
0.999950 0.000010 0.000010 0.000010 0.000010 0.000010
0.999950 0.000010 0.000010 0.000010 0.000010 0.000010
0.985620 0.000010 0.014340 0.000010 0.000010 0.000010
0.992958 0.000010 0.000010 0.007002 0.000010 0.000010
0.999950 0.000010 0.000010 0.000010 0.000010 0.000010
0.984666 0.000010 0.015294 0.000010 0.000010 0.000010
0.017359 0.000694 0.151806 0.191828 0.574754 0.063559
0.000010 0.000010 0.149112 0.226917 0.540177 0.083774
0.000010 0.000010 0.150038 0.135780 0.605201 0.108961
0.000010 0.000013 0.171813 0.083301 0.733472 0.011390
0.000010 0.000010 0.188824 0.090488 0.720657 0.000010
0.000010 0.000690 0.206467 0.071878 0.688567 0.032389
0.999950 0.000010 0.000010 0.000010 0.000010 0.000010
0.999950 0.000010 0.000010 0.000010 0.000010 0.000010
0.999950 0.000010 0.000010 0.000010 0.000010 0.000010
0.999950 0.000010 0.000010 0.000010 0.000010 0.000010
0.982624 0.000010 0.000010 0.000010 0.000010 0.017336
0.984034 0.000010 0.000010 0.006627 0.000010 0.009310
0.999950 0.000010 0.000010 0.000010 0.000010 0.000010
0.970792 0.000010 0.029168 0.000010 0.000010 0.000010
0.999950 0.000010 0.000010 0.000010 0.000010 0.000010
0.999950 0.000010 0.000010 0.000010 0.000010 0.000010
0.986372 0.000010 0.000010 0.000010 0.000010 0.013588
0.999950 0.000010 0.000010 0.000010 0.000010 0.000010
0.999950 0.000010 0.000010 0.000010 0.000010 0.000010
0.999950 0.000010 0.000010 0.000010 0.000010 0.000010
0.999950 0.000010 0.000010 0.000010 0.000010 0.000010
0.999950 0.000010 0.000010 0.000010 0.000010 0.000010
0.999950 0.000010 0.000010 0.000010 0.000010 0.000010
0.999948 0.000010 0.000010 0.000012 0.000010 0.000010
0.990363 0.000010 0.000010 0.009597 0.000010 0.000010
0.999950 0.000010 0.000010 0.000010 0.000010 0.000010
0.984508 0.000010 0.015452 0.000010 0.000010 0.000010
0.990636 0.000010 0.009324 0.000010 0.000010 0.000010
0.999950 0.000010 0.000010 0.000010 0.000010 0.000010
0.999950 0.000010 0.000010 0.000010 0.000010 0.000010
0.988348 0.000010 0.011612 0.000010 0.000010 0.000010
0.999950 0.000010 0.000010 0.000010 0.000010 0.000010
0.999950 0.000010 0.000010 0.000010 0.000010 0.000010
0.999950 0.000010 0.000010 0.000010 0.000010 0.000010
0.999950 0.000010 0.000010 0.000010 0.000010 0.000010
0.999950 0.000010 0.000010 0.000010 0.000010 0.000010
0.999950 0.000010 0.000010 0.000010 0.000010 0.000010
0.999950 0.000010 0.000010 0.000010 0.000010 0.000010
0.997982 0.000010 0.001978 0.000010 0.000010 0.000010
0.999950 0.000010 0.000010 0.000010 0.000010 0.000010
0.999950 0.000010 0.000010 0.000010 0.000010 0.000010
0.999950 0.000010 0.000010 0.000010 0.000010 0.000010
0.999950 0.000010 0.000010 0.000010 0.000010 0.000010
0.999950 0.000010 0.000010 0.000010 0.000010 0.000010
0.999950 0.000010 0.000010 0.000010 0.000010 0.000010
0.999950 0.000010 0.000010 0.000010 0.000010 0.000010
0.999950 0.000010 0.000010 0.000010 0.000010 0.000010
0.000010 0.000010 0.075572 0.050522 0.772121 0.101765
0.000010 0.000010 0.140752 0.063775 0.758781 0.036672
0.013931 0.000010 0.098518 0.057787 0.799284 0.030469
0.000010 0.000010 0.230962 0.123623 0.645385 0.000010
0.009127 0.000010 0.159185 0.105690 0.725978 0.000010
0.044795 0.000010 0.066867 0.076090 0.812228 0.000010
0.000010 0.000013 0.121041 0.141774 0.737152 0.000010
0.000010 0.001177 0.134547 0.129100 0.735156 0.000010
0.000010 0.000010 0.076355 0.074164 0.799878 0.049584
0.000010 0.000010 0.167328 0.103544 0.729098 0.000010
0.000010 0.000010 0.131493 0.072471 0.775436 0.020581
0.003098 0.000010 0.112229 0.075665 0.728625 0.080373
0.006480 0.000010 0.200062 0.047518 0.698687 0.047242
0.987931 0.000010 0.000010 0.000010 0.000010 0.012029
0.980606 0.000010 0.000010 0.019354 0.000010 0.000010
0.983612 0.000010 0.000010 0.016348 0.000010 0.000010
0.988832 0.000010 0.000010 0.011128 0.000010 0.000010
0.977970 0.000010 0.000010 0.021990 0.000010 0.000010
0.999291 0.000010 0.000010 0.000669 0.000010 0.000010
0.973674 0.000010 0.026286 0.000010 0.000010 0.000010
0.999950 0.000010 0.000010 0.000010 0.000010 0.000010
0.999950 0.000010 0.000010 0.000010 0.000010 0.000010
0.999950 0.000010 0.000010 0.000010 0.000010 0.000010
0.999950 0.000010 0.000010 0.000010 0.000010 0.000010
0.999950 0.000010 0.000010 0.000010 0.000010 0.000010
0.986656 0.000010 0.000010 0.013304 0.000010 0.000010
0.999950 0.000010 0.000010 0.000010 0.000010 0.000010
0.978476 0.000010 0.021484 0.000010 0.000010 0.000010
0.035030 0.000010 0.090255 0.070989 0.803707 0.000010
0.000010 0.000010 0.153608 0.091623 0.687299 0.067450
0.000010 0.000010 0.114892 0.282396 0.498308 0.104384
0.000010 0.000010 0.150839 0.202301 0.540868 0.105972
0.000010 0.002253 0.207201 0.266406 0.524121 0.000010
0.035861 0.000010 0.202551 0.268006 0.472534 0.021038
0.000010 0.000010 0.209842 0.229424 0.560705 0.000010
0.042377 0.000010 0.195588 0.078180 0.683835 0.000010
0.051681 0.000010 0.073257 0.151729 0.723313 0.000010
0.016561 0.000010 0.128145 0.143289 0.701785 0.010210
0.000010 0.000010 0.151557 0.187112 0.661300 0.000010
0.037547 0.000010 0.097778 0.105618 0.759037 0.000010
0.027461 0.000839 0.119365 0.053297 0.799028 0.000010
0.027325 0.000010 0.103196 0.098926 0.770533 0.000010
0.000010 0.003480 0.183170 0.367193 0.398855 0.047291
0.000010 0.000942 0.075612 0.183915 0.711599 0.027922
0.000010 0.000010 0.162874 0.096930 0.740165 0.000010
0.000010 0.000010 0.197973 0.105660 0.696337 0.000010
0.000010 0.000010 0.198416 0.106081 0.695474 0.000010
0.000010 0.001489 0.149277 0.147598 0.633912 0.067714
0.000010 0.000010 0.150531 0.069071 0.722540 0.057838
0.000010 0.000010 0.122169 0.126138 0.693390 0.058283
0.000010 0.000010 0.170703 0.086273 0.742994 0.000010
0.012852 0.000010 0.166367 0.065206 0.662839 0.092727
0.000010 0.000010 0.219051 0.061356 0.652425 0.067148
0.000010 0.000010 0.045934 0.143181 0.759361 0.051504
0.022925 0.000010 0.144835 0.209101 0.623119 0.000010
0.021398 0.002055 0.162647 0.147954 0.643029 0.022917
0.000010 0.002470 0.275492 0.089922 0.503069 0.129036
0.000012 0.002661 0.265207 0.118705 0.613404 0.000010
0.004421 0.000644 0.223178 0.214447 0.482659 0.074651
0.000010 0.000010 0.215652 0.102883 0.677364 0.004081
0.000010 0.000182 0.178818 0.144299 0.618605 0.058086
0.038401 0.000010 0.099452 0.163993 0.656850 0.041293
0.000010 0.000010 0.199053 0.078060 0.678365 0.044502
0.008165 0.000010 0.192519 0.096959 0.686368 0.015979
0.000010 0.000010 0.076531 0.246412 0.645881 0.031156
0.000010 0.004043 0.120040 0.188188 0.625985 0.061733
0.000010 0.000010 0.165624 0.259474 0.574872 0.000010
0.000010 0.000010 0.171173 0.083739 0.679321 0.065746
0.059865 0.000010 0.098891 0.088463 0.752762 0.000010
0.000010 0.000010 0.083969 0.109658 0.806342 0.000010
0.000010 0.000010 0.092964 0.094158 0.748732 0.064126
0.000010 0.000010 0.128723 0.178517 0.692729 0.000010
0.000010 0.000010 0.083072 0.136385 0.696193 0.084330
0.000010 0.000217 0.115485 0.081614 0.767341 0.035333
0.000010 0.000010 0.153244 0.164105 0.682621 0.000010
0.000010 0.000010 0.092280 0.163885 0.743806 0.000010
0.000010 0.000010 0.099546 0.167969 0.732455 0.000010
0.000010 0.003561 0.117274 0.066613 0.778767 0.033774
0.000010 0.000010 0.075052 0.133396 0.769560 0.021972
0.001565 0.002200 0.110832 0.114425 0.691469 0.079510
0.021706 0.000010 0.101751 0.255689 0.620834 0.000010
0.000010 0.000010 0.097678 0.648891 0.253401 0.000010
0.020157 0.000010 0.118608 0.458920 0.402294 0.000010
0.014292 0.000108 0.172049 0.133487 0.680054 0.000010
0.010750 0.000010 0.185906 0.119878 0.683446 0.000010
0.000010 0.000010 0.075965 0.000010 0.852485 0.071520
0.000010 0.000010 0.272441 0.003442 0.640258 0.083839
0.000010 0.000010 0.220587 0.009340 0.697730 0.072323
0.000010 0.001729 0.146543 0.000010 0.851698 0.000010
0.000010 0.000010 0.389484 0.000010 0.586134 0.024352
0.000010 0.000531 0.259863 0.107944 0.631642 0.000010
0.000010 0.001344 0.290395 0.130725 0.398193 0.179333
0.000010 0.000010 0.290781 0.081987 0.627202 0.000010
0.000010 0.000564 0.325520 0.068986 0.496729 0.108192
0.007351 0.000010 0.217113 0.052648 0.637066 0.085812
0.007486 0.000092 0.288505 0.053994 0.649913 0.000010
0.000010 0.000010 0.103334 0.075041 0.793007 0.028598
0.000010 0.000596 0.216008 0.140903 0.642473 0.000010
0.012689 0.000010 0.183994 0.097203 0.706094 0.000010
0.000010 0.004102 0.251553 0.121035 0.623290 0.000010
0.084143 0.000010 0.312603 0.025940 0.577294 0.000010
0.047731 0.001177 0.297181 0.064613 0.589288 0.000010
0.000010 0.000010 0.313071 0.205631 0.417781 0.063496
0.009025 0.000010 0.251255 0.058520 0.628136 0.053055
0.000010 0.000010 0.248006 0.205692 0.531365 0.014918
0.000010 0.000010 0.360125 0.197551 0.442295 0.000010
0.027495 0.001083 0.246975 0.013727 0.661531 0.049188
0.000010 0.000010 0.396137 0.100948 0.502885 0.000010
0.000010 0.000010 0.283441 0.070406 0.603712 0.042422
0.053547 0.000010 0.167052 0.191126 0.547451 0.040814
0.000010 0.000010 0.220990 0.065125 0.592461 0.121405
0.000010 0.000010 0.153026 0.186657 0.632194 0.028102
0.036280 0.000010 0.126646 0.253118 0.583936 0.000010
0.000010 0.000010 0.040537 0.031908 0.783777 0.143758
0.035681 0.000010 0.053664 0.139574 0.692881 0.078189
0.000010 0.000882 0.160765 0.139912 0.643447 0.054983
0.016643 0.001270 0.190424 0.166408 0.613062 0.012192
0.000010 0.002748 0.192236 0.155298 0.615039 0.034669
0.009833 0.002193 0.081879 0.105985 0.800101 0.000010
0.068921 0.000018 0.126371 0.123086 0.681594 0.000010
0.016655 0.000010 0.122106 0.121671 0.739548 0.000010
0.000010 0.000010 0.111962 0.091580 0.796428 0.000010
0.025074 0.002229 0.243775 0.056026 0.630220 0.042675
0.022011 0.001373 0.125610 0.059141 0.791855 0.000010
0.000010 0.000010 0.158429 0.123704 0.717838 0.000010
0.000010 0.000010 0.237617 0.107030 0.655323 0.000010
0.000010 0.000010 0.240640 0.098000 0.661330 0.000010
0.000010 0.000010 0.322009 0.201923 0.476038 0.000010
0.000010 0.002112 0.189421 0.265110 0.543337 0.000010
0.000010 0.000352 0.250308 0.260854 0.483693 0.004783
0.004230 0.000010 0.250204 0.144749 0.566298 0.034509
0.000010 0.000010 0.225948 0.106559 0.667463 0.000010
0.006197 0.000010 0.242203 0.077608 0.668781 0.005200
0.006718 0.000010 0.113475 0.066822 0.768204 0.044772
0.000010 0.000010 0.141423 0.187168 0.636763 0.034626
0.000010 0.000010 0.066686 0.127495 0.762551 0.043247
0.073795 0.000010 0.095746 0.023008 0.807431 0.000010
0.000842 0.000010 0.059170 0.184403 0.719358 0.036217
0.000010 0.000010 0.151869 0.144674 0.703427 0.000010
0.000010 0.000010 0.070034 0.187674 0.742262 0.000010
0.000010 0.000017 0.048720 0.720251 0.230993 0.000010
0.000010 0.000330 0.049746 0.525871 0.424033 0.000010
0.000010 0.000010 0.043292 0.630206 0.301742 0.024741
0.000012 0.000795 0.218780 0.167359 0.613044 0.000010
0.005840 0.000010 0.085674 0.082367 0.812618 0.013491
0.000016 0.000010 0.191168 0.125312 0.683484 0.000010
0.000010 0.000010 0.283498 0.126089 0.547351 0.043043
0.000010 0.000010 0.295023 0.002537 0.649186 0.053233
0.000010 0.000010 0.310443 0.097829 0.591698 0.000010
0.000010 0.000010 0.184547 0.048632 0.715643 0.051158
0.063509 0.000010 0.224995 0.177884 0.475187 0.058415
0.003523 0.000010 0.228413 0.122619 0.616357 0.029078
0.000010 0.000010 0.155915 0.000010 0.735895 0.108160
0.029574 0.000010 0.292693 0.044908 0.632805 0.000010
0.037374 0.000010 0.198911 0.000010 0.758472 0.005224
0.000010 0.000010 0.136605 0.000010 0.677599 0.185766
0.000010 0.000010 0.406999 0.152722 0.440249 0.000010
0.000010 0.000010 0.291208 0.061837 0.553836 0.093098
0.000010 0.000010 0.272114 0.036460 0.614189 0.077217
0.000010 0.000010 0.269435 0.083679 0.502104 0.144762
0.015509 0.000010 0.312121 0.190757 0.412806 0.068797
0.000010 0.000010 0.307522 0.155535 0.485502 0.051421
0.000010 0.000010 0.345659 0.023097 0.621499 0.009725
0.000010 0.000010 0.056822 0.000010 0.891539 0.051609
0.000010 0.001156 0.240709 0.000010 0.758105 0.000010
0.069185 0.000010 0.350227 0.017980 0.549897 0.012700
0.000010 0.000010 0.422788 0.000010 0.498464 0.078718
0.010659 0.000010 0.380882 0.033533 0.536827 0.038089
0.000010 0.000010 0.321149 0.058737 0.620084 0.000010
0.036938 0.000010 0.229946 0.024424 0.708672 0.000010
0.000010 0.000010 0.211178 0.108242 0.680549 0.000010
0.002522 0.000010 0.173439 0.245590 0.474149 0.104290
0.000010 0.000010 0.205137 0.121901 0.672932 0.000010
0.000010 0.001506 0.217183 0.127716 0.599764 0.053822
0.027097 0.000010 0.148496 0.154139 0.639291 0.030967
0.000010 0.000010 0.160780 0.211641 0.549828 0.077731
0.002105 0.000010 0.083518 0.153077 0.697155 0.064135
0.002813 0.000010 0.107766 0.154325 0.735076 0.000010
0.000010 0.000010 0.169717 0.151471 0.678782 0.000010
0.000010 0.000010 0.085569 0.167413 0.696215 0.050783
0.000010 0.000010 0.175883 0.105044 0.719043 0.000010
0.000010 0.000010 0.044068 0.000010 0.926571 0.029331
0.000010 0.000010 0.540208 0.015223 0.403896 0.040653
0.034645 0.000010 0.240846 0.305510 0.315225 0.103764
0.018213 0.000010 0.426501 0.183265 0.346532 0.025479
0.000010 0.000010 0.409885 0.107794 0.482291 0.000010
0.000010 0.000010 0.210993 0.050892 0.738084 0.000010
0.000010 0.000010 0.334941 0.073963 0.591066 0.000010
0.000010 0.000056 0.240453 0.000010 0.729152 0.030319
0.062009 0.000010 0.363657 0.036115 0.496352 0.041857
0.034282 0.001613 0.332893 0.005306 0.625895 0.000010
0.000010 0.000010 0.466583 0.023108 0.419166 0.091124
0.073116 0.000010 0.196215 0.006706 0.658085 0.065867
0.088882 0.000279 0.309077 0.024811 0.546750 0.030200
0.000010 0.000010 0.220626 0.021884 0.693236 0.064235
0.000010 0.000010 0.156354 0.027732 0.815884 0.000010
0.000010 0.000010 0.263875 0.026589 0.709506 0.000010
0.000010 0.000010 0.298483 0.026500 0.607904 0.067092
0.000010 0.000010 0.316210 0.008356 0.666592 0.008822
0.000010 0.000010 0.357785 0.000010 0.609132 0.033053
0.008337 0.000010 0.187143 0.044259 0.674501 0.085750
0.045240 0.000010 0.226079 0.083620 0.570503 0.074547
0.000510 0.000010 0.208536 0.065644 0.648444 0.076856
0.000010 0.000010 0.175162 0.093889 0.588417 0.142512
0.000010 0.000010 0.305553 0.194821 0.456605 0.043001
0.000010 0.000010 0.345314 0.135941 0.502497 0.016228
0.020632 0.000010 0.260978 0.116920 0.601450 0.000010
0.000010 0.000010 0.325722 0.131033 0.543215 0.000010
0.000010 0.000010 0.468482 0.133801 0.294229 0.103468
0.001429 0.000010 0.359627 0.082043 0.488574 0.068317
0.000010 0.000010 0.226047 0.000010 0.678870 0.095053
0.000010 0.000010 0.302391 0.124670 0.523664 0.049254
0.000010 0.000010 0.230009 0.061139 0.573080 0.135751
0.000010 0.000010 0.336243 0.050163 0.531911 0.081663
0.000010 0.000010 0.433192 0.058196 0.508583 0.000010
0.000010 0.000010 0.413171 0.083339 0.456785 0.046685
0.000010 0.000010 0.183945 0.000010 0.670028 0.145997
0.023592 0.000010 0.206608 0.102063 0.640117 0.027611
0.000010 0.000842 0.218207 0.054204 0.586679 0.140059
0.000010 0.000010 0.135262 0.078670 0.786037 0.000010
0.000010 0.002329 0.245596 0.321231 0.356636 0.074198
0.000010 0.001832 0.198982 0.221456 0.577711 0.000010
0.007504 0.000010 0.146612 0.195984 0.618490 0.031399
0.068310 0.000010 0.133617 0.189514 0.602787 0.005762
0.014378 0.000010 0.111936 0.074479 0.799187 0.000010
0.000010 0.000010 0.202530 0.145766 0.651674 0.000010
0.005006 0.000010 0.175697 0.225212 0.563183 0.030891
0.009174 0.000010 0.186486 0.196657 0.607663 0.000010
0.000284 0.000010 0.183184 0.187277 0.586182 0.043062
0.042208 0.000118 0.107699 0.149221 0.637419 0.063334
0.000010 0.000775 0.228370 0.082512 0.682414 0.005919
0.000010 0.000185 0.239476 0.132285 0.616664 0.011380
0.000010 0.000010 0.229628 0.132461 0.631858 0.006034
0.018648 0.000010 0.221827 0.125229 0.506348 0.127939
0.000010 0.000010 0.240628 0.052348 0.659746 0.047258
0.000010 0.000010 0.235958 0.079696 0.573287 0.111039
0.008516 0.000010 0.527171 0.059808 0.370979 0.033516
0.028636 0.000010 0.158675 0.040416 0.772253 0.000010
0.025743 0.002559 0.000010 0.000010 0.971668 0.000010
0.034946 0.000010 0.000010 0.019118 0.945906 0.000010
0.000010 0.000010 0.200731 0.154819 0.644420 0.000010
0.000010 0.000010 0.424206 0.084162 0.479669 0.011943
0.000010 0.000017 0.686349 0.000010 0.313604 0.000010
0.000010 0.000071 0.366443 0.128247 0.505219 0.000010
0.000010 0.000010 0.260908 0.066832 0.616242 0.055998
0.000010 0.000528 0.362410 0.059798 0.577244 0.000010
0.000010 0.000010 0.470217 0.088055 0.441698 0.000010
0.000010 0.000010 0.433301 0.075342 0.491327 0.000010
0.000010 0.000010 0.424847 0.063371 0.511752 0.000010
0.000010 0.000010 0.385110 0.212599 0.312192 0.090079
0.000010 0.000010 0.274380 0.317124 0.287589 0.120887
0.000010 0.000010 0.391444 0.288171 0.249260 0.071105
0.000010 0.000043 0.359941 0.210708 0.429289 0.000010
0.014363 0.002132 0.233582 0.022360 0.701206 0.026357
0.000010 0.000010 0.292625 0.124454 0.582891 0.000010
0.000010 0.000010 0.241855 0.016247 0.705051 0.036827
0.000010 0.000010 0.194607 0.034543 0.765321 0.005508
0.035320 0.000010 0.087720 0.027194 0.849747 0.000010
0.000010 0.000010 0.303061 0.384181 0.307429 0.005309
0.000010 0.000010 0.429767 0.058366 0.511837 0.000010
0.033649 0.000010 0.208167 0.161041 0.596336 0.000797
0.031618 0.000010 0.085862 0.000010 0.882489 0.000010
0.000010 0.000010 0.124126 0.068157 0.807687 0.000010
0.000010 0.000010 0.205826 0.044646 0.713762 0.035747
0.026074 0.000010 0.208048 0.013519 0.637256 0.115093
0.013418 0.000010 0.157354 0.037681 0.761721 0.029816
0.000010 0.000010 0.394797 0.080246 0.524927 0.000010
0.000010 0.000698 0.427867 0.115750 0.455665 0.000010
0.000019 0.000398 0.421908 0.125959 0.451706 0.000010
0.033026 0.000010 0.447795 0.019312 0.417356 0.082501
0.000010 0.002517 0.436208 0.031001 0.530253 0.000010
0.044239 0.000010 0.494512 0.029059 0.417985 0.014196
0.000010 0.000453 0.000010 0.047542 0.951975 0.000010
0.000010 0.000010 0.020104 0.039201 0.858766 0.081909
0.000010 0.001601 0.000010 0.061638 0.899529 0.037212
0.000010 0.000010 0.013544 0.031621 0.954805 0.000010
0.017094 0.000010 0.000010 0.000010 0.948396 0.034480
0.000010 0.000010 0.000010 0.007490 0.945970 0.046510
0.000010 0.000010 0.000010 0.000010 0.927370 0.072590
0.009909 0.000014 0.007697 0.000010 0.865600 0.116770
0.000010 0.000010 0.000010 0.003692 0.967526 0.028751
0.000010 0.000606 0.003283 0.000010 0.943065 0.053026
0.000010 0.000010 0.000010 0.000010 0.933894 0.066066
0.004387 0.000011 0.000010 0.000010 0.926976 0.068605
0.000010 0.000010 0.000010 0.007511 0.990498 0.001961
0.000010 0.000010 0.018313 0.018482 0.936154 0.027031
0.000010 0.000010 0.018800 0.000013 0.981157 0.000010
0.000010 0.001594 0.023878 0.007530 0.966978 0.000010
0.012649 0.000010 0.023667 0.000010 0.945403 0.018260
0.009319 0.000016 0.022484 0.014932 0.953239 0.000010
0.035385 0.000010 0.000010 0.020638 0.943947 0.000010
0.000010 0.000010 0.028870 0.000010 0.971090 0.000010
0.056086 0.000010 0.000010 0.000010 0.940064 0.003819
0.000010 0.000010 0.022427 0.000010 0.977533 0.000010
0.003569 0.000010 0.000010 0.000010 0.945689 0.050711
0.022009 0.000010 0.007700 0.000010 0.970261 0.000010
0.000010 0.000980 0.012502 0.014789 0.871787 0.099931
0.033288 0.000010 0.000010 0.000010 0.966672 0.000010
0.000010 0.000010 0.037506 0.000010 0.935883 0.026580
0.007586 0.000010 0.040398 0.015806 0.936190 0.000010
0.048369 0.000011 0.000010 0.000010 0.810465 0.141136
0.048163 0.000010 0.033160 0.000010 0.890372 0.028285
0.013953 0.000010 0.000010 0.018217 0.967800 0.000010
0.001056 0.000424 0.000010 0.029858 0.894114 0.074538
0.038424 0.000010 0.000010 0.000527 0.961019 0.000010
0.007344 0.000447 0.011820 0.031906 0.948472 0.000010
0.000010 0.000010 0.019616 0.000010 0.980344 0.000010
0.000010 0.000010 0.011179 0.000010 0.988781 0.000010
0.048038 0.000010 0.221838 0.000010 0.662959 0.067145
0.025287 0.000010 0.218541 0.411996 0.295591 0.048575
0.023974 0.000010 0.218639 0.188072 0.485564 0.083741
0.000010 0.000064 0.352328 0.199217 0.352319 0.096062
0.060622 0.000010 0.654575 0.001909 0.200957 0.081929
0.000010 0.000010 0.501400 0.021263 0.388123 0.089194
0.082086 0.000018 0.601429 0.013096 0.303361 0.000010
0.000010 0.000010 0.718013 0.029595 0.252362 0.000010
0.000010 0.000010 0.999950 0.000010 0.000010 0.000010
0.000010 0.000010 0.868707 0.021357 0.109907 0.000010
0.000010 0.000010 0.497484 0.111784 0.390702 0.000010
0.065056 0.000010 0.561124 0.026655 0.306699 0.040456
0.000010 0.000010 0.524069 0.044447 0.361926 0.069537
0.001685 0.000010 0.043307 0.005283 0.161310 0.788406
0.042578 0.000010 0.000010 0.009045 0.223698 0.724659
0.042477 0.000013 0.000010 0.000010 0.150991 0.806499
0.000010 0.000010 0.039615 0.012724 0.118310 0.829331
0.975380 0.000010 0.000010 0.000010 0.000010 0.024580
0.985700 0.000010 0.000010 0.000010 0.000010 0.014260
0.904731 0.000010 0.025403 0.000010 0.000010 0.069835
0.999950 0.000010 0.000010 0.000010 0.000010 0.000010
0.984250 0.000010 0.000010 0.000010 0.000010 0.015710
0.994678 0.000010 0.000010 0.005282 0.000010 0.000010
0.000010 0.000926 0.028780 0.029539 0.940734 0.000010
0.003701 0.000010 0.023618 0.004790 0.923638 0.044243
0.000010 0.000605 0.026312 0.059433 0.882773 0.030868
0.000010 0.000010 0.000010 0.000010 0.936324 0.063636
0.000010 0.000010 0.000010 0.000010 0.938759 0.061201
0.000010 0.000010 0.053071 0.000010 0.946889 0.000010
0.006946 0.000451 0.052006 0.033195 0.845445 0.061956
0.000011 0.000010 0.000010 0.018582 0.981378 0.000010
0.025750 0.000010 0.017350 0.010830 0.880936 0.065124
0.000010 0.000010 0.022014 0.043258 0.827441 0.107267
0.000010 0.000010 0.000010 0.062623 0.873439 0.063909
0.000010 0.000010 0.009867 0.047582 0.920378 0.022153
0.000010 0.000010 0.020177 0.012991 0.898528 0.068284
0.000010 0.000010 0.000010 0.013703 0.909589 0.076679
0.000011 0.000010 0.000010 0.018684 0.889345 0.091941
0.026313 0.000405 0.043301 0.000010 0.926918 0.003053
0.000010 0.000010 0.028294 0.000010 0.971666 0.000010
0.013131 0.000010 0.016842 0.064729 0.862979 0.042309
0.000010 0.000010 0.000010 0.000010 0.995154 0.004806
0.027917 0.000010 0.017674 0.000010 0.887426 0.066963
0.000010 0.000010 0.006555 0.000010 0.988683 0.004732
0.000010 0.000422 0.000956 0.004085 0.994517 0.000010
0.000010 0.000015 0.000010 0.023143 0.976812 0.000010
0.049264 0.000620 0.000010 0.005773 0.931458 0.012874
0.000010 0.000010 0.030587 0.013296 0.917212 0.038885
0.000010 0.000010 0.000010 0.057388 0.942572 0.000010
0.000010 0.000010 0.000010 0.026225 0.941636 0.032109
0.000010 0.000010 0.000010 0.062136 0.859210 0.078625
0.011129 0.000010 0.000010 0.015949 0.938639 0.034264
0.000010 0.000010 0.016311 0.063497 0.899860 0.020313
0.003521 0.000010 0.000010 0.000010 0.830901 0.165548
0.029303 0.000010 0.000010 0.031365 0.931270 0.008042
0.007364 0.000010 0.000010 0.000010 0.838438 0.154168
0.027216 0.000010 0.000010 0.014852 0.912489 0.045423
0.035157 0.000010 0.033726 0.002566 0.928532 0.000010
0.004172 0.000115 0.000010 0.041569 0.923860 0.030275
0.000010 0.000010 0.000010 0.000010 0.913363 0.086597
0.000010 0.000010 0.000012 0.000010 0.955165 0.044793
0.000010 0.000010 0.029948 0.000010 0.970012 0.000010
