0.850837 0.000010 0.149143 0.000010
0.885013 0.000010 0.114967 0.000010
0.863005 0.124177 0.012808 0.000010
0.860195 0.000010 0.139785 0.000010
0.867691 0.036730 0.043167 0.052412
0.883736 0.020141 0.000010 0.096113
0.876452 0.000010 0.123528 0.000010
0.840399 0.002099 0.047433 0.110068
0.879538 0.000010 0.120442 0.000010
0.867408 0.000010 0.000010 0.132572
0.003727 0.981553 0.000010 0.014710
0.006659 0.993321 0.000010 0.000010
0.004550 0.958936 0.036504 0.000010
0.005959 0.981187 0.004560 0.008294
0.007039 0.980659 0.000010 0.012292
0.004320 0.964999 0.000010 0.030671
0.007182 0.992798 0.000010 0.000010
0.006207 0.993773 0.000010 0.000010
0.008607 0.991373 0.000010 0.000010
0.008091 0.991889 0.000010 0.000010
0.003950 0.996030 0.000010 0.000010
0.004231 0.980400 0.000010 0.015359
0.006346 0.957975 0.000010 0.035669
0.003119 0.996861 0.000010 0.000010
0.003253 0.965987 0.000010 0.030750
0.007556 0.992424 0.000010 0.000010
0.000010 0.981530 0.018450 0.000010
0.002756 0.997224 0.000010 0.000010
0.006616 0.993364 0.000010 0.000010
0.004420 0.973771 0.000010 0.021799
0.006286 0.987619 0.000010 0.006085
0.002517 0.997463 0.000010 0.000010
0.004099 0.995881 0.000010 0.000010
0.005864 0.994116 0.000010 0.000010
0.004039 0.995941 0.000010 0.000010
0.003734 0.985155 0.000010 0.011100
0.003951 0.996029 0.000010 0.000010
0.006917 0.993063 0.000010 0.000010
0.006949 0.966777 0.000010 0.026264
0.003616 0.987502 0.000010 0.008872
0.004527 0.995453 0.000010 0.000010
0.009780 0.990200 0.000010 0.000010
0.009081 0.990899 0.000010 0.000010
0.009758 0.990222 0.000010 0.000010
0.004749 0.995231 0.000010 0.000010
0.006244 0.993736 0.000010 0.000010
0.004224 0.991288 0.000010 0.004478
0.006416 0.993564 0.000010 0.000010
0.009733 0.979833 0.000010 0.010424
0.000767 0.973603 0.000010 0.025621
0.005313 0.994667 0.000010 0.000010
0.000594 0.999386 0.000010 0.000010
0.002306 0.997674 0.000010 0.000010
0.003100 0.996880 0.000010 0.000010
0.006012 0.993968 0.000010 0.000010
0.002850 0.969894 0.000010 0.027246
0.002787 0.980972 0.000010 0.016231
0.005504 0.994476 0.000010 0.000010
0.009144 0.971128 0.000010 0.019717
0.004396 0.995584 0.000010 0.000010
0.007713 0.974994 0.010636 0.006656
0.004565 0.995415 0.000010 0.000010
0.007850 0.989610 0.000010 0.002529
0.005831 0.988001 0.000010 0.006158
0.006172 0.993808 0.000010 0.000010
0.007137 0.982783 0.004002 0.006079
0.006497 0.925047 0.000010 0.068446
0.008591 0.861511 0.000010 0.129887
0.005015 0.947495 0.000010 0.047480
0.009065 0.932463 0.000010 0.058462
0.008806 0.936303 0.000010 0.054881
0.005238 0.949916 0.000010 0.044836
0.007114 0.872972 0.000010 0.119904
0.005863 0.985932 0.000010 0.008195
0.005043 0.954201 0.000010 0.040746
0.009115 0.905501 0.000010 0.085374
0.007275 0.919943 0.000010 0.072772
0.003790 0.884580 0.000010 0.111620
0.011511 0.913758 0.000010 0.074722
0.004957 0.846844 0.000010 0.148190
0.008137 0.958944 0.000010 0.032909
0.010196 0.933646 0.000010 0.056149
0.004067 0.971355 0.000010 0.024568
0.007108 0.992872 0.000010 0.000010
0.005917 0.961969 0.010785 0.021328
0.005882 0.994098 0.000010 0.000010
0.003766 0.996214 0.000010 0.000010
0.005283 0.994697 0.000010 0.000010
0.007933 0.992047 0.000010 0.000010
0.005322 0.988145 0.000010 0.006523
0.004703 0.978377 0.000010 0.016910
0.005690 0.994290 0.000010 0.000010
0.005105 0.982763 0.000010 0.012122
0.000379 0.983258 0.004673 0.011691
0.003373 0.996607 0.000010 0.000010
0.004825 0.995155 0.000010 0.000010
0.007182 0.983118 0.009690 0.000010
0.010243 0.989737 0.000010 0.000010
0.007234 0.992746 0.000010 0.000010
0.002862 0.981840 0.000010 0.015288
0.006803 0.993177 0.000010 0.000010
0.005216 0.994764 0.000010 0.000010
0.005553 0.994427 0.000010 0.000010
0.011689 0.988291 0.000010 0.000010
0.004911 0.967733 0.000010 0.027347
0.005032 0.994948 0.000010 0.000010
0.004784 0.926325 0.024270 0.044621
0.009709 0.990271 0.000010 0.000010
0.006611 0.993369 0.000010 0.000010
0.004973 0.988523 0.000010 0.006494
0.005403 0.967862 0.000010 0.026725
0.000010 0.985243 0.000010 0.014737
0.005728 0.943853 0.000010 0.050409
0.007141 0.992839 0.000010 0.000010
0.003956 0.966418 0.000010 0.029616
0.007654 0.924746 0.000010 0.067590
0.009496 0.897219 0.000010 0.093275
0.002350 0.937432 0.000010 0.060208
0.006048 0.872042 0.003426 0.118485
0.009700 0.896556 0.000010 0.093733
0.009721 0.968386 0.000010 0.021883
0.007929 0.933352 0.000010 0.058709
0.005631 0.870841 0.006793 0.116735
0.006183 0.917121 0.000010 0.076687
0.005474 0.970003 0.000010 0.024513
0.009593 0.990387 0.000010 0.000010
0.009490 0.929257 0.006298 0.054955
0.006364 0.924422 0.000010 0.069204
0.006470 0.953093 0.000010 0.040427
0.005986 0.937471 0.000010 0.056533
0.009435 0.953819 0.000010 0.036736
0.007207 0.898285 0.000010 0.094498
0.009061 0.882507 0.000010 0.108422
0.010682 0.928662 0.000010 0.060645
0.005971 0.904871 0.000010 0.089147
0.009661 0.888600 0.000010 0.101729
0.006111 0.897749 0.000010 0.096129
0.008544 0.900969 0.000010 0.090477
0.007718 0.992262 0.000010 0.000010
0.009787 0.922682 0.000010 0.067521
0.006069 0.894635 0.000010 0.099286
0.012076 0.987904 0.000010 0.000010
0.009701 0.912365 0.000010 0.077924
0.010703 0.854913 0.000010 0.134374
0.007828 0.959440 0.000010 0.032721
0.009865 0.886657 0.000010 0.103468
0.008770 0.930297 0.000010 0.060923
0.010077 0.835321 0.000010 0.154591
0.006919 0.932891 0.000010 0.060180
0.006113 0.892550 0.023931 0.077406
0.005693 0.953059 0.000010 0.041238
0.008544 0.903471 0.000010 0.087975
0.007356 0.939133 0.000010 0.053501
0.012171 0.968001 0.000010 0.019818
0.004289 0.910291 0.000010 0.085410
0.006396 0.914951 0.000010 0.078642
0.011145 0.943931 0.000010 0.044914
0.007308 0.857525 0.000010 0.135157
0.006179 0.927360 0.011623 0.054838
0.009318 0.954494 0.000010 0.036178
0.014451 0.920027 0.000010 0.065512
0.008963 0.935491 0.012076 0.043470
0.008212 0.955111 0.000010 0.036667
0.011253 0.881360 0.000010 0.107377
0.006621 0.947917 0.000010 0.045451
0.013318 0.885686 0.000010 0.100986
0.008894 0.919033 0.000010 0.072063
0.007070 0.992910 0.000010 0.000010
0.007307 0.929794 0.000010 0.062889
0.007533 0.863932 0.000010 0.128525
0.006599 0.839790 0.000010 0.153601
0.007153 0.952894 0.000010 0.039943
0.006663 0.903511 0.000010 0.089816
0.010944 0.912157 0.000010 0.076889
0.007220 0.923856 0.000010 0.068914
0.005510 0.933067 0.000010 0.061413
0.006669 0.914869 0.000010 0.078452
0.007832 0.950083 0.000010 0.042076
0.004889 0.956694 0.000010 0.038407
0.007174 0.914315 0.000010 0.078501
0.006631 0.909504 0.000010 0.083855
0.010205 0.901810 0.000010 0.087975
0.005721 0.918057 0.013970 0.062251
0.007980 0.871510 0.000010 0.120500
0.004846 0.909438 0.000010 0.085705
0.005876 0.942277 0.000010 0.051837
0.007620 0.881899 0.000010 0.110471
0.004596 0.914390 0.000010 0.081004
0.008131 0.898112 0.000010 0.093747
0.005518 0.936063 0.000010 0.058409
0.005260 0.906276 0.000010 0.088454
0.006465 0.920101 0.000259 0.073174
0.006546 0.917790 0.000010 0.075655
0.010676 0.979103 0.000010 0.010211
0.010310 0.917225 0.000010 0.072456
0.012359 0.939306 0.000010 0.048326
0.000010 0.000010 0.000010 0.999970
0.000010 0.000010 0.000010 0.999970
0.000010 0.000010 0.000010 0.999970
0.000010 0.000010 0.000010 0.999970
0.000010 0.000010 0.002651 0.997329
0.000010 0.000010 0.000010 0.999970
0.000010 0.000010 0.000010 0.999970
0.000010 0.000010 0.000010 0.999970
0.000010 0.000010 0.000010 0.999970
0.000010 0.000010 0.000010 0.999970
0.000010 0.000010 0.000010 0.999970
0.000010 0.000010 0.000010 0.999970
0.000010 0.000010 0.000010 0.999970
0.000010 0.000010 0.000010 0.999970
0.000010 0.000010 0.000010 0.999970
0.000010 0.000010 0.000010 0.999970
0.000010 0.000010 0.000010 0.999970
0.000010 0.000010 0.000010 0.999970
0.000010 0.000010 0.000010 0.999970
0.000010 0.000010 0.000010 0.999970
0.000010 0.000010 0.000010 0.999970
0.000010 0.000010 0.000010 0.999970
0.000010 0.000010 0.000010 0.999970
0.000010 0.000010 0.000010 0.999970
0.000010 0.000010 0.000010 0.999970
0.000010 0.000010 0.000010 0.999970
0.000010 0.000010 0.000010 0.999970
0.000010 0.000010 0.000010 0.999970
0.000010 0.000010 0.000010 0.999970
0.000010 0.000010 0.000010 0.999970
0.000010 0.000010 0.000010 0.999970
0.000010 0.000010 0.000010 0.999970
0.000010 0.000010 0.000010 0.999970
0.000010 0.000010 0.000010 0.999970
0.000010 0.000010 0.000010 0.999970
0.000010 0.000010 0.000010 0.999970
0.000010 0.000010 0.000010 0.999970
0.000010 0.000010 0.000010 0.999970
0.000010 0.000010 0.012140 0.987840
0.000010 0.000010 0.000010 0.999970
0.000010 0.000010 0.000010 0.999970
0.000010 0.000010 0.000010 0.999970
0.000010 0.000010 0.000010 0.999970
0.000010 0.000010 0.000010 0.999970
0.000010 0.000010 0.000010 0.999970
0.000010 0.000010 0.000010 0.999970
0.000010 0.000010 0.000010 0.999970
0.000010 0.000010 0.000010 0.999970
0.000010 0.000010 0.000010 0.999970
0.000010 0.000010 0.000010 0.999970
0.000010 0.000010 0.000010 0.999970
0.000010 0.000010 0.000010 0.999970
0.000010 0.000010 0.000010 0.999970
0.000010 0.000010 0.000010 0.999970
0.000010 0.000010 0.000010 0.999970
0.000010 0.000010 0.000010 0.999970
0.000010 0.000010 0.000010 0.999970
0.000010 0.000010 0.000010 0.999970
0.000010 0.000010 0.000010 0.999970
0.000010 0.000010 0.000010 0.999970
0.000010 0.000010 0.000010 0.999970
0.000010 0.000010 0.000010 0.999970
0.000010 0.000010 0.000010 0.999970
0.000010 0.000010 0.000010 0.999970
0.000010 0.000010 0.000010 0.999970
0.000010 0.000010 0.000010 0.999970
0.000010 0.000010 0.000010 0.999970
0.000010 0.000010 0.000010 0.999970
0.002069 0.843042 0.074113 0.080776
0.002537 0.863113 0.071551 0.062800
0.002062 0.672047 0.189096 0.136795
0.000010 0.820532 0.060472 0.118986
0.000010 0.764850 0.137591 0.097550
0.000010 0.000010 0.000010 0.999970
0.000010 0.000010 0.000010 0.999970
0.000010 0.000010 0.000010 0.999970
0.000010 0.000010 0.000010 0.999970
0.000010 0.000010 0.000010 0.999970
0.000010 0.000010 0.000010 0.999970
0.000010 0.000010 0.000010 0.999970
0.000010 0.000010 0.000010 0.999970
0.000010 0.000010 0.000010 0.999970
0.000010 0.000010 0.000010 0.999970
0.000010 0.000010 0.000010 0.999970
0.000010 0.000010 0.000010 0.999970
0.000010 0.000010 0.000010 0.999970
0.000010 0.000010 0.000010 0.999970
0.000010 0.000010 0.000010 0.999970
0.000010 0.000010 0.000010 0.999970
0.000010 0.000010 0.000010 0.999970
0.000010 0.000010 0.000010 0.999970
0.000010 0.000010 0.000010 0.999970
0.000010 0.000010 0.009117 0.990863
0.000010 0.000010 0.000010 0.999970
0.000010 0.021525 0.000010 0.978455
0.000010 0.000010 0.000010 0.999970
0.000010 0.000010 0.000010 0.999970
0.000010 0.000010 0.000010 0.999970
0.000010 0.000010 0.000010 0.999970
0.000010 0.000010 0.000010 0.999970
0.000013 0.000010 0.000010 0.999967
0.000010 0.000010 0.000010 0.999970
0.000010 0.000010 0.000010 0.999970
0.000010 0.000010 0.000010 0.999970
0.000010 0.000010 0.000010 0.999970
0.000010 0.000010 0.000010 0.999970
0.000010 0.000010 0.000010 0.999970
0.000010 0.000010 0.000010 0.999970
0.000010 0.000010 0.000010 0.999970
0.000010 0.000010 0.000010 0.999970
0.000010 0.000010 0.000010 0.999970
0.000010 0.000010 0.000010 0.999970
0.000010 0.009063 0.000010 0.990917
0.000010 0.005968 0.000010 0.994012
0.000010 0.000010 0.000010 0.999970
0.000010 0.000010 0.000010 0.999970
0.000010 0.000010 0.000010 0.999970
0.000010 0.000010 0.000010 0.999970
0.000010 0.000010 0.000010 0.999970
0.000010 0.000010 0.000010 0.999970
0.000010 0.000010 0.000010 0.999970
0.000010 0.000010 0.000010 0.999970
0.000010 0.000010 0.000010 0.999970
0.000010 0.000010 0.000010 0.999970
0.000010 0.000010 0.000010 0.999970
0.000010 0.000010 0.000010 0.999970
0.000010 0.000010 0.000010 0.999970
0.006337 0.660911 0.188289 0.144464
0.002379 0.692420 0.218389 0.086812
0.003594 0.741086 0.124740 0.130581
0.005700 0.813892 0.071784 0.108624
0.005454 0.794149 0.065910 0.134487
0.006586 0.795588 0.052740 0.145085
0.000010 0.000010 0.000010 0.999970
0.000010 0.000010 0.000010 0.999970
0.000010 0.000010 0.000010 0.999970
0.000010 0.000010 0.000010 0.999970
0.000010 0.000010 0.000010 0.999970
0.000010 0.000010 0.000010 0.999970
0.000010 0.000010 0.000010 0.999970
0.000010 0.000010 0.000010 0.999970
0.000010 0.000010 0.000010 0.999970
0.000010 0.000010 0.000010 0.999970
0.000010 0.000010 0.000010 0.999970
0.000010 0.000010 0.000010 0.999970
0.000010 0.000010 0.000010 0.999970
0.000010 0.000010 0.000010 0.999970
0.000010 0.000010 0.000010 0.999970
0.000010 0.000010 0.000010 0.999970
0.000010 0.000010 0.000010 0.999970
0.000010 0.000010 0.000010 0.999970
0.000010 0.000010 0.010420 0.989560
0.000010 0.000010 0.000010 0.999970
0.000010 0.000010 0.000010 0.999970
0.000010 0.000010 0.000010 0.999970
0.000010 0.000010 0.000010 0.999970
0.000010 0.000010 0.000010 0.999970
0.000010 0.000010 0.000010 0.999970
0.000010 0.000010 0.000010 0.999970
0.000010 0.000010 0.000010 0.999970
0.000010 0.000010 0.000010 0.999970
0.000010 0.000010 0.000010 0.999970
0.000010 0.000010 0.000010 0.999970
0.000010 0.000010 0.000010 0.999970
0.000010 0.000010 0.000010 0.999970
0.000010 0.000010 0.000010 0.999970
0.000010 0.000010 0.000010 0.999970
0.000010 0.000010 0.000010 0.999970
0.000010 0.000010 0.000010 0.999970
0.000010 0.000010 0.000010 0.999970
0.000010 0.000010 0.000010 0.999970
0.000010 0.000010 0.000010 0.999970
0.000010 0.000010 0.000010 0.999970
0.000010 0.000010 0.000010 0.999970
0.004814 0.918758 0.043988 0.032440
0.001257 0.883072 0.052285 0.063387
0.004011 0.881571 0.046757 0.067661
0.001711 0.736953 0.110503 0.150833
0.002478 0.801143 0.087016 0.109363
0.005431 0.851309 0.062058 0.081203
0.005022 0.806601 0.138065 0.050312
0.007671 0.790079 0.118772 0.083477
0.000272 0.916600 0.067702 0.015425
0.001340 0.831832 0.082583 0.084245
0.000010 0.893548 0.064287 0.042156
0.002714 0.882185 0.051632 0.063469
0.002249 0.810192 0.035343 0.152217
0.000010 0.000010 0.000010 0.999970
0.000010 0.000010 0.017712 0.982268
0.000010 0.000010 0.014660 0.985320
0.000010 0.000010 0.011904 0.988076
0.000010 0.000010 0.025360 0.974620
0.000010 0.000010 0.007163 0.992817
0.000010 0.000010 0.000010 0.999970
0.000010 0.000010 0.000010 0.999970
0.000010 0.000010 0.000010 0.999970
0.000010 0.000010 0.000010 0.999970
0.000010 0.000010 0.000010 0.999970
0.000010 0.000010 0.000010 0.999970
0.000010 0.000010 0.012276 0.987704
0.000010 0.000010 0.000010 0.999970
0.000010 0.000010 0.000010 0.999970
0.002367 0.860865 0.057822 0.078946
0.002972 0.845260 0.077064 0.074704
0.002911 0.619651 0.266919 0.110519
0.001508 0.709518 0.184997 0.103976
0.005865 0.609657 0.245467 0.139011
0.001088 0.556579 0.244097 0.198236
0.004538 0.633428 0.206091 0.155943
0.005589 0.748108 0.050950 0.195354
0.001892 0.778378 0.133355 0.086375
0.002144 0.774052 0.123714 0.100089
0.001488 0.761797 0.169426 0.067290
0.003365 0.802163 0.092521 0.101951
0.002878 0.872003 0.038046 0.087073
0.004598 0.817694 0.074712 0.102996
0.005526 0.497716 0.351682 0.145075
0.005580 0.795058 0.169160 0.030202
0.003332 0.844216 0.068139 0.084313
0.003620 0.802170 0.088400 0.105810
0.001938 0.808679 0.082019 0.107364
0.005944 0.757255 0.129945 0.106856
0.001079 0.881302 0.066575 0.051044
0.003668 0.821530 0.105093 0.069709
0.002078 0.867305 0.061102 0.069514
0.004680 0.784394 0.049210 0.161716
0.002711 0.793806 0.032021 0.171461
0.002435 0.848389 0.134740 0.014437
0.002931 0.692479 0.184317 0.120273
0.005673 0.722519 0.122748 0.149060
0.005903 0.673889 0.067745 0.252463
0.007201 0.680959 0.091117 0.220722
0.003986 0.585267 0.196659 0.214088
0.004599 0.774326 0.101216 0.119860
0.003819 0.738866 0.132255 0.125060
0.000010 0.758945 0.143382 0.097663
0.000727 0.818802 0.071435 0.109036
0.000550 0.797965 0.085252 0.116233
0.001601 0.747895 0.233777 0.016726
0.008368 0.736842 0.181170 0.073620
0.000992 0.687848 0.239842 0.071317
0.002109 0.815693 0.069103 0.113094
0.001985 0.806946 0.064405 0.126664
0.003838 0.862965 0.078416 0.054780
0.001119 0.888289 0.084618 0.025974
0.003537 0.773042 0.161083 0.062338
0.000330 0.827120 0.124200 0.048351
0.004759 0.872276 0.049734 0.073230
0.000010 0.785176 0.131839 0.082975
0.001605 0.810738 0.148012 0.039644
0.001572 0.796109 0.138967 0.063353
0.008065 0.869357 0.063948 0.058631
0.004640 0.828442 0.115202 0.051716
0.007157 0.790329 0.111454 0.091060
0.003966 0.666831 0.242667 0.086536
0.000029 0.306829 0.618378 0.074763
0.001114 0.457601 0.439824 0.101461
0.000432 0.781804 0.117535 0.100228
0.002246 0.762966 0.098771 0.136017
0.001155 0.947756 0.005947 0.045142
0.001610 0.765380 0.000010 0.233000
0.001729 0.816977 0.003804 0.177491
0.007305 0.937800 0.000010 0.054885
0.001921 0.757580 0.000010 0.240489
0.004929 0.767792 0.099991 0.127288
0.003483 0.631463 0.115457 0.249597
0.001473 0.756740 0.056978 0.184809
0.003612 0.684137 0.043331 0.268920
0.002345 0.824104 0.034487 0.139064
0.003713 0.737252 0.032705 0.226331
0.003870 0.860442 0.055752 0.079937
0.006267 0.709618 0.124144 0.159970
0.002811 0.771470 0.072700 0.153018
0.009155 0.720763 0.106679 0.163403
0.000964 0.676268 0.006604 0.316163
0.005404 0.684777 0.036774 0.273046
0.002469 0.551347 0.207138 0.239046
0.003043 0.762694 0.048496 0.185768
0.001926 0.643678 0.193670 0.160726
0.002402 0.572539 0.168473 0.256586
0.004699 0.763714 0.000010 0.231577
0.001563 0.615947 0.067336 0.315154
0.003339 0.720879 0.038203 0.237579
0.002088 0.653424 0.176835 0.167653
0.000736 0.800403 0.055456 0.143405
0.000087 0.748311 0.159055 0.092546
0.001456 0.652736 0.232370 0.113437
0.000010 0.948426 0.030244 0.021320
0.000010 0.800468 0.131352 0.068169
0.004599 0.773340 0.120878 0.101182
0.005196 0.690567 0.150615 0.153623
0.005807 0.746473 0.148327 0.099394
0.007516 0.847244 0.086124 0.059116
0.002773 0.738011 0.103475 0.155741
0.003278 0.811363 0.103905 0.081454
0.005319 0.867824 0.079445 0.047412
0.007934 0.748079 0.040769 0.203218
0.008281 0.853186 0.039025 0.099507
0.004708 0.779282 0.113110 0.102899
0.001959 0.750915 0.089836 0.157289
0.003101 0.724415 0.079692 0.192792
0.000890 0.588194 0.175627 0.235289
0.005639 0.622347 0.253466 0.118549
0.003908 0.576325 0.240847 0.178920
0.002256 0.658544 0.124640 0.214559
0.003434 0.759822 0.094626 0.142118
0.003844 0.750006 0.055816 0.190334
0.003412 0.872905 0.046718 0.076965
0.001857 0.748480 0.165654 0.084009
0.002813 0.868578 0.105658 0.022951
0.003874 0.853819 0.015985 0.126321
0.002975 0.799940 0.166925 0.030161
0.000880 0.769464 0.125324 0.104332
0.002765 0.798756 0.174997 0.023482
0.000010 0.292028 0.702686 0.005276
0.002876 0.469729 0.523724 0.003671
0.000010 0.376525 0.611430 0.012035
0.005217 0.679954 0.143442 0.171387
0.003414 0.876848 0.066735 0.053004
0.000010 0.767474 0.115824 0.116692
0.001388 0.692341 0.107649 0.198622
0.001918 0.795552 0.000010 0.202519
0.003881 0.704194 0.076008 0.215917
0.003651 0.829736 0.030229 0.136384
0.000010 0.595350 0.159029 0.245611
0.002472 0.730006 0.097021 0.170501
0.000010 0.887515 0.000010 0.112465
0.000010 0.737005 0.031030 0.231955
0.000010 0.848006 0.000010 0.151974
0.000861 0.855036 0.000010 0.144092
0.002642 0.572093 0.142586 0.282679
0.000579 0.742654 0.063634 0.193134
0.000010 0.798750 0.018326 0.182914
0.000010 0.711608 0.065674 0.222708
0.001991 0.550578 0.166994 0.280438
0.000010 0.640204 0.139178 0.220608
0.003047 0.766311 0.000010 0.230632
0.005727 0.994253 0.000010 0.000010
0.006247 0.868195 0.000010 0.125548
0.003260 0.655793 0.000521 0.340426
0.001266 0.662443 0.000010 0.336281
0.003201 0.657422 0.015056 0.324321
0.001336 0.738950 0.028052 0.231662
0.002543 0.788902 0.018998 0.189557
0.000961 0.794350 0.087972 0.116718
0.001283 0.634821 0.232113 0.131784
0.007227 0.755656 0.104454 0.132663
0.005281 0.743165 0.113768 0.137787
0.004143 0.715659 0.141090 0.139108
0.000010 0.697734 0.191517 0.110739
0.003952 0.798208 0.137105 0.060735
0.002039 0.812648 0.130087 0.055226
0.004019 0.764226 0.133703 0.098052
0.004223 0.808279 0.151887 0.035610
0.000139 0.815341 0.085859 0.098661
0.003236 0.996744 0.000010 0.000010
0.000433 0.577513 0.000010 0.422045
0.000986 0.454738 0.283696 0.260580
0.000850 0.484099 0.151780 0.363271
0.001256 0.639642 0.084391 0.274711
0.004081 0.809723 0.034436 0.151760
0.002640 0.734558 0.053304 0.209498
0.004895 0.822378 0.000010 0.172716
0.003033 0.639815 0.020689 0.336462
0.006882 0.725547 0.000010 0.267561
0.002047 0.619502 0.009343 0.369107
0.002192 0.775103 0.000010 0.222695
0.003197 0.667360 0.013210 0.316233
0.002239 0.822677 0.013706 0.161378
0.001428 0.904271 0.014481 0.079820
0.001648 0.832892 0.014861 0.150600
0.003830 0.739080 0.000010 0.257080
0.003117 0.801916 0.002141 0.192826
0.001787 0.743238 0.000010 0.254965
0.000573 0.820588 0.035563 0.143276
0.001916 0.695177 0.067411 0.235497
0.000010 0.789064 0.053840 0.157086
0.000713 0.782773 0.090912 0.125601
0.000836 0.573091 0.174501 0.251572
0.000010 0.636098 0.109620 0.254272
0.005772 0.664173 0.092891 0.237164
0.003981 0.653259 0.108797 0.233964
0.000010 0.495141 0.112685 0.392165
0.004055 0.630897 0.060058 0.304989
0.004975 0.859497 0.000010 0.135518
0.001491 0.678002 0.108043 0.212465
0.004504 0.743378 0.053232 0.198887
0.000874 0.718795 0.041029 0.239302
0.000010 0.646957 0.039623 0.313410
0.000130 0.639636 0.080297 0.279937
0.000010 0.886960 0.000010 0.113020
0.002100 0.737367 0.076906 0.183626
0.003462 0.788480 0.039418 0.168640
0.004740 0.862533 0.064223 0.068504
0.003317 0.512693 0.316580 0.167410
0.005599 0.681228 0.208214 0.104960
0.001722 0.737267 0.167693 0.093318
0.003656 0.666426 0.178937 0.150981
0.003678 0.858864 0.060925 0.076533
0.004858 0.768757 0.140056 0.086330
0.003895 0.651526 0.207136 0.137443
0.002978 0.689309 0.161132 0.146581
0.002426 0.659231 0.167124 0.171219
0.004808 0.726476 0.133217 0.135499
0.006122 0.749948 0.063723 0.180207
0.004800 0.732212 0.098961 0.164027
0.000010 0.743149 0.107676 0.149165
0.000943 0.681994 0.105622 0.211441
0.000220 0.806687 0.043640 0.149453
0.002721 0.753134 0.064064 0.180081
0.000909 0.531949 0.043413 0.423729
0.004649 0.865805 0.013293 0.116252
0.007185 0.982617 0.000010 0.010187
0.005254 0.973014 0.000010 0.021722
0.000141 0.761743 0.146952 0.091163
0.002987 0.605575 0.061019 0.330419
0.000010 0.490377 0.000010 0.509603
0.002608 0.638068 0.096539 0.262786
0.000323 0.773311 0.069115 0.157251
0.005245 0.713239 0.024955 0.256561
0.000010 0.593309 0.067006 0.339675
0.000017 0.659251 0.051741 0.288992
0.002295 0.633367 0.041287 0.323052
0.000010 0.490348 0.195081 0.314561
0.001164 0.433420 0.308839 0.256577
0.000037 0.388813 0.267423 0.343727
0.002765 0.543573 0.181127 0.272535
0.007476 0.794987 0.000010 0.197527
0.002276 0.687867 0.091810 0.218047
0.003786 0.803027 0.010996 0.182190
0.004283 0.872194 0.007333 0.116191
0.002586 0.892490 0.017275 0.087649
0.000010 0.435350 0.354205 0.210436
0.003514 0.626574 0.036157 0.333754
0.000428 0.676287 0.145245 0.178041
0.005232 0.935106 0.002692 0.056970
0.002286 0.887432 0.059816 0.050466
0.002978 0.819354 0.024445 0.153224
0.000601 0.794345 0.009084 0.195969
0.001896 0.853534 0.016204 0.128365
0.004351 0.624705 0.053391 0.317552
0.004694 0.581410 0.087209 0.326687
0.005658 0.508935 0.090631 0.394775
0.000010 0.593040 0.000010 0.406940
0.005761 0.660497 0.022219 0.311523
0.001032 0.546309 0.021303 0.431357
0.006463 0.968519 0.025008 0.000010
0.005720 0.960586 0.033684 0.000010
0.007188 0.952318 0.040484 0.000010
0.000566 0.999414 0.000010 0.000010
0.004723 0.995257 0.000010 0.000010
0.004637 0.995343 0.000010 0.000010
0.000617 0.999363 0.000010 0.000010
0.000010 0.979658 0.000010 0.020322
0.000613 0.999367 0.000010 0.000010
0.005751 0.994229 0.000010 0.000010
0.003928 0.996052 0.000010 0.000010
0.004052 0.995928 0.000010 0.000010
0.003325 0.996655 0.000010 0.000010
0.005579 0.982246 0.002328 0.009847
0.003110 0.990126 0.000010 0.006754
0.006219 0.993761 0.000010 0.000010
0.000156 0.994683 0.000010 0.005151
0.005520 0.994460 0.000010 0.000010
0.004395 0.963508 0.016291 0.015807
0.002039 0.997941 0.000010 0.000010
0.002212 0.965710 0.000010 0.032068
0.003027 0.996953 0.000010 0.000010
0.003759 0.996221 0.000010 0.000010
0.003912 0.996068 0.000010 0.000010
0.003081 0.996474 0.000434 0.000010
0.000887 0.999093 0.000010 0.000010
0.001268 0.998712 0.000010 0.000010
0.005426 0.984106 0.010338 0.000131
0.003988 0.934244 0.000010 0.061758
0.005709 0.942872 0.000010 0.051409
0.002903 0.984346 0.012741 0.000010
0.004087 0.980966 0.014937 0.000010
0.001881 0.981347 0.000205 0.016567
0.005265 0.994715 0.000010 0.000010
0.007730 0.992250 0.000010 0.000010
0.004607 0.995373 0.000010 0.000010
0.000250 0.798791 0.000010 0.200949
0.001278 0.391912 0.385137 0.221674
0.001246 0.630570 0.167647 0.200537
0.003409 0.516374 0.172898 0.307318
0.000010 0.397059 0.000010 0.602921
0.001850 0.575957 0.002779 0.419414
0.001120 0.428893 0.000010 0.569977
0.002899 0.401148 0.027559 0.568394
0.000010 0.158905 0.000010 0.841075
0.001196 0.266612 0.030099 0.702093
0.002330 0.532086 0.062639 0.402945
0.000868 0.452066 0.013614 0.533453
0.000049 0.552509 0.025141 0.422300
0.000010 0.713552 0.004228 0.282210
0.000010 0.742083 0.016302 0.241606
0.000310 0.692398 0.012188 0.295104
0.000010 0.730588 0.037619 0.231783
0.000010 0.002087 0.006051 0.991852
0.000010 0.000010 0.000010 0.999970
0.000010 0.034626 0.000010 0.965354
0.000010 0.000010 0.000010 0.999970
0.000010 0.000010 0.005806 0.994174
0.000010 0.000010 0.001184 0.998796
0.005975 0.984217 0.009798 0.000010
0.003515 0.996357 0.000010 0.000118
0.004744 0.955083 0.040162 0.000010
0.002325 0.997655 0.000010 0.000010
0.003714 0.996266 0.000010 0.000010
0.001594 0.998386 0.000010 0.000010
0.005111 0.925794 0.025594 0.043502
0.000010 0.991350 0.008630 0.000010
0.001940 0.958361 0.015627 0.024071
0.003995 0.942555 0.046532 0.006918
0.004269 0.944870 0.050851 0.000010
0.003144 0.953343 0.037845 0.005668
0.004832 0.982052 0.004886 0.008229
0.003178 0.992447 0.004365 0.000010
0.003634 0.983792 0.012564 0.000010
0.006625 0.983325 0.000010 0.010040
0.006559 0.993421 0.000010 0.000010
0.002187 0.950146 0.047657 0.000010
0.002906 0.997074 0.000010 0.000010
0.003930 0.963277 0.000010 0.032783
0.004379 0.995073 0.000010 0.000538
0.006610 0.993370 0.000010 0.000010
0.005450 0.986648 0.007892 0.000010
0.005263 0.965613 0.000010 0.029115
0.002695 0.996774 0.000521 0.000010
0.003915 0.957483 0.038592 0.000010
0.000010 0.976081 0.023899 0.000010
0.000010 0.960824 0.039156 0.000010
0.000010 0.993505 0.006475 0.000010
0.002703 0.947130 0.050157 0.000010
0.000032 0.981057 0.000010 0.018900
0.005928 0.965761 0.019643 0.008669
0.004311 0.972174 0.000010 0.023505
0.003063 0.977000 0.012119 0.007818
0.004775 0.963817 0.005044 0.026365
0.004318 0.970860 0.024812 0.000010
0.005006 0.994974 0.000010 0.000010
0.002706 0.997274 0.000010 0.000010
0.004392 0.995588 0.000010 0.000010
0.003568 0.996412 0.000010 0.000010
0.001532 0.989733 0.008725 0.000010
0.000010 0.999970 0.000010 0.000010
0.005369 0.991370 0.003251 0.000010
0.002296 0.997684 0.000010 0.000010
0.003278 0.996702 0.000010 0.000010
0.002387 0.936734 0.060869 0.000010
0.001433 0.998547 0.000010 0.000010
0.002505 0.979309 0.018176 0.000010
0.006670 0.992167 0.001153 0.000010
0.001096 0.969823 0.000010 0.029071
0.000591 0.972403 0.000010 0.026996
0.001998 0.997982 0.000010 0.000010
0.002637 0.997044 0.000309 0.000010
0.001768 0.998212 0.000010 0.000010
0.002850 0.935297 0.037804 0.024050
0.003466 0.945546 0.043477 0.007511
0.002980 0.962216 0.030227 0.004576
0.000884 0.967499 0.026456 0.005161
0.000444 0.989684 0.009862 0.000010
0.001525 0.957440 0.041025 0.000010
0.005514 0.994466 0.000010 0.000010
0.005590 0.994390 0.000010 0.000010
0.004674 0.995306 0.000010 0.000010
0.004351 0.995629 0.000010 0.000010
0.003853 0.984930 0.011207 0.000010
0.006829 0.993151 0.000010 0.000010
0.004760 0.958542 0.019724 0.016975
0.009865 0.923439 0.030370 0.036326
0.001389 0.989703 0.008336 0.000572
0.002777 0.997203 0.000010 0.000010
0.003224 0.943693 0.053073 0.000010
0.001899 0.980633 0.017457 0.000010
0.006461 0.993519 0.000010 0.000010
0.006375 0.993605 0.000010 0.000010
0.004419 0.995561 0.000010 0.000010
0.007658 0.938615 0.053718 0.000010
0.004107 0.956432 0.039451 0.000010
0.003812 0.980531 0.015647 0.000010
0.002262 0.993375 0.000010 0.004353
0.005429 0.994551 0.000010 0.000010
0.003135 0.996845 0.000010 0.000010
0.003940 0.961309 0.034741 0.000010
0.005141 0.965531 0.029318 0.000010
0.000855 0.955545 0.043590 0.000010
0.000914 0.999066 0.000010 0.000010
0.005355 0.963405 0.031230 0.000010
0.006983 0.992997 0.000010 0.000010
0.007958 0.985355 0.000010 0.006677
0.000547 0.999433 0.000010 0.000010
0.001598 0.998382 0.000010 0.000010
0.003518 0.978834 0.017639 0.000010
0.004315 0.983209 0.012466 0.000010
0.002210 0.997770 0.000010 0.000010
0.000393 0.993454 0.006143 0.000010
0.003327 0.996653 0.000010 0.000010
0.007149 0.989628 0.003213 0.000010
0.003370 0.987515 0.009106 0.000010
0.003213 0.953107 0.043670 0.000010
0.000716 0.955618 0.043656 0.000010
0.003076 0.963820 0.033094 0.000010
0.001845 0.976675 0.015283 0.006196
0.002980 0.957928 0.000010 0.039082
0.005836 0.955667 0.025770 0.012727
0.004129 0.995851 0.000010 0.000010
0.005195 0.988449 0.006347 0.000010
0.000010 0.000010 0.000010 0.999970
0.000010 0.000010 0.000010 0.999970
0.000010 0.000010 0.000010 0.999970
0.000010 0.000010 0.019027 0.980953
0.000010 0.000010 0.000010 0.999970
0.000010 0.000010 0.000010 0.999970
0.000010 0.000010 0.000010 0.999970
0.000010 0.000010 0.015744 0.984236
0.000010 0.000010 0.008135 0.991845
0.000010 0.000010 0.000010 0.999970
0.000010 0.000010 0.000010 0.999970
0.000010 0.000010 0.000010 0.999970
0.000010 0.000010 0.000010 0.999970
0.000010 0.000010 0.000010 0.999970
0.000010 0.000010 0.000010 0.999970
0.000010 0.000010 0.000010 0.999970
0.000010 0.000010 0.000010 0.999970
0.000010 0.000010 0.000010 0.999970
0.000010 0.000010 0.000010 0.999970
0.000010 0.000010 0.000010 0.999970
0.000010 0.000010 0.000010 0.999970
0.000010 0.000010 0.014100 0.985880
0.000010 0.000010 0.007695 0.992285
0.000010 0.014220 0.000010 0.985760
0.000010 0.000010 0.017539 0.982441
0.000010 0.000010 0.000010 0.999970
0.000010 0.005426 0.017314 0.977250
0.000010 0.000010 0.000010 0.999970
0.000010 0.009407 0.000010 0.990573
0.000010 0.004940 0.010428 0.984623
0.000010 0.000010 0.000010 0.999970
0.000010 0.031153 0.000010 0.968827
0.000010 0.014119 0.000010 0.985861
0.000010 0.000010 0.012148 0.987832
0.000010 0.000010 0.014583 0.985397
0.000010 0.000010 0.037342 0.962638
0.000010 0.000010 0.000010 0.999970
0.000010 0.000010 0.004900 0.995080
0.000010 0.000010 0.011440 0.988540
0.000010 0.000010 0.007173 0.992807
0.000010 0.000010 0.030632 0.969348
0.000010 0.000010 0.031078 0.968902
0.000010 0.007500 0.000010 0.992480
0.000010 0.000010 0.000010 0.999970
0.000010 0.000010 0.000010 0.999970
0.000010 0.000010 0.000010 0.999970
0.000010 0.000010 0.000010 0.999970
0.000010 0.000010 0.011745 0.988235
0.000010 0.032523 0.006954 0.960513
0.000010 0.000010 0.000010 0.999970
0.000010 0.000010 0.000010 0.999970
0.000010 0.000010 0.000010 0.999970
0.000010 0.000010 0.000010 0.999970
0.000010 0.000010 0.011854 0.988126
0.000010 0.000010 0.000010 0.999970
0.000010 0.000010 0.015827 0.984153
0.003529 0.127287 0.794279 0.074905
0.000010 0.246689 0.570388 0.182913
0.002154 0.181338 0.703178 0.113330
0.000015 0.054697 0.945278 0.000010
0.000620 0.154273 0.845097 0.000010
0.000010 0.067911 0.932069 0.000010
0.000010 0.063069 0.936911 0.000010
0.000010 0.103115 0.890831 0.006044
0.000010 0.107259 0.883167 0.009564
0.000015 0.129617 0.870358 0.000010
0.000013 0.000010 0.999967 0.000010
0.000301 0.124138 0.875551 0.000010
0.000214 0.047350 0.952426 0.000010
0.000010 0.336182 0.065603 0.598205
0.001372 0.436325 0.116314 0.445990
0.000010 0.090727 0.909253 0.000010
0.000010 0.068087 0.931893 0.000010
0.000010 0.046559 0.924235 0.029197
0.000010 0.054627 0.884801 0.060562
0.000010 0.381253 0.135466 0.483271
0.000010 0.066929 0.933051 0.000010
0.000010 0.139977 0.860003 0.000010
0.000521 0.046655 0.952814 0.000010
0.000884 0.058003 0.941102 0.000010
0.000010 0.339522 0.000010 0.660458
0.000010 0.400755 0.025680 0.573554
0.000010 0.402619 0.030615 0.566756
0.000010 0.137523 0.000010 0.862457
0.001389 0.326169 0.000010 0.672432
0.000010 0.263474 0.000010 0.736506
0.000014 0.161348 0.000010 0.838628
0.000010 0.218774 0.079886 0.701330
0.000010 0.222160 0.032797 0.745033
0.000010 0.127341 0.000010 0.872639
0.000416 0.174559 0.001594 0.823431
0.000010 0.111883 0.000010 0.888097
0.000010 0.319949 0.000010 0.680031
0.000010 0.313302 0.030539 0.656149
0.000010 0.362246 0.004850 0.632894
0.000010 0.354899 0.007212 0.637879
0.001926 0.419273 0.012856 0.565944
0.000917 0.401456 0.018331 0.579295
0.000010 0.107517 0.000010 0.892463
0.001737 0.331074 0.000010 0.667179
0.001506 0.274397 0.000010 0.724087
0.000010 0.244989 0.113896 0.641105
0.000010 0.298405 0.000010 0.701575
0.000010 0.265408 0.037486 0.697097
0.001547 0.126465 0.000010 0.871978
0.001542 0.292438 0.007245 0.698775
0.002580 0.260285 0.000010 0.737125
0.000250 0.438254 0.021465 0.540031
0.000010 0.146919 0.124414 0.728658
0.000010 0.294653 0.022630 0.682707
0.000010 0.237599 0.027026 0.735364
0.000010 0.126862 0.073449 0.799678
0.000010 0.209644 0.018907 0.771439
0.000622 0.209975 0.013428 0.775974
0.000989 0.222841 0.000010 0.776160
0.000010 0.232291 0.014593 0.753106
0.000010 0.054882 0.943146 0.001963
0.001612 0.186691 0.811686 0.000010
0.000708 0.162572 0.818716 0.018004
0.003708 0.299187 0.697095 0.000010
0.000010 0.104363 0.000010 0.895617
0.000010 0.429406 0.082600 0.487984
0.001260 0.401957 0.018487 0.578296
0.000010 0.070031 0.020511 0.909448
0.000010 0.252674 0.021143 0.726173
0.000010 0.515541 0.000010 0.484439
0.000151 0.330329 0.153499 0.516022
0.000010 0.400428 0.103541 0.496021
0.000948 0.245360 0.017318 0.736374
0.000010 0.116831 0.000010 0.883149
0.000341 0.149831 0.016340 0.833489
0.000010 0.318413 0.000010 0.681567
0.000010 0.356272 0.000010 0.643708
0.000010 0.338303 0.001026 0.660661
0.000010 0.435992 0.000010 0.563988
0.002416 0.459267 0.000010 0.538307
0.002041 0.463292 0.000010 0.534657
0.000013 0.323943 0.000010 0.676035
0.001513 0.426573 0.000010 0.571904
0.001955 0.350019 0.000010 0.648016
0.000010 0.073140 0.918436 0.008413
0.000499 0.162063 0.837428 0.000010
0.000010 0.151697 0.848283 0.000010
0.004419 0.443072 0.552498 0.000010
0.000566 0.211533 0.787891 0.000010
0.002305 0.086983 0.910703 0.000010
0.000850 0.394216 0.000010 0.604924
0.000010 0.210358 0.000010 0.789622
0.000017 0.237232 0.000010 0.762741
0.000010 0.206841 0.000010 0.793139
0.000010 0.212379 0.005452 0.782159
0.002312 0.308622 0.000010 0.689055
0.000010 0.302859 0.000010 0.697121
0.001257 0.313963 0.000010 0.684770
0.000402 0.453159 0.321446 0.224993
0.000010 0.255667 0.000010 0.744313
0.001680 0.123820 0.874490 0.000010
0.000437 0.188446 0.811107 0.000010
0.000010 0.175340 0.824640 0.000010
0.000010 0.068306 0.931674 0.000010
0.000010 0.047179 0.937298 0.015513
0.000449 0.161038 0.838503 0.000010
0.000010 0.000010 0.000010 0.999970
0.000010 0.044435 0.005244 0.950312
0.000010 0.025027 0.000010 0.974953
0.000010 0.015223 0.000010 0.984757
0.000010 0.011259 0.000010 0.988721
0.000010 0.011398 0.006913 0.981678
0.000010 0.000010 0.000010 0.999970
0.000010 0.000010 0.000010 0.999970
0.000010 0.000010 0.000010 0.999970
0.000010 0.000010 0.000010 0.999970
0.000010 0.000010 0.000010 0.999970
0.000010 0.000010 0.018993 0.980987
0.000010 0.000010 0.000010 0.999970
0.000010 0.000010 0.000010 0.999970
0.000010 0.023550 0.000010 0.976430
0.000010 0.000010 0.000010 0.999970
0.000010 0.018304 0.036864 0.944822
0.000010 0.000010 0.000010 0.999970
0.000010 0.000010 0.017616 0.982364
0.000010 0.000010 0.026663 0.973317
0.000060 0.027640 0.000010 0.972290
0.000010 0.000010 0.000202 0.999778
0.000130 0.037888 0.961972 0.000010
0.000010 0.000010 0.999970 0.000010
0.002471 0.038395 0.947447 0.011687
0.002732 0.101908 0.895350 0.000010
0.003064 0.071686 0.925240 0.000010
0.000010 0.003973 0.000748 0.995268
0.000010 0.000010 0.000010 0.999970
0.000010 0.005275 0.010970 0.983745
0.000010 0.000010 0.000010 0.999970
0.000010 0.010669 0.000010 0.989311
0.000010 0.000010 0.007345 0.992635
0.000010 0.000010 0.000010 0.999970
0.000010 0.000010 0.013454 0.986526
0.000010 0.011054 0.002240 0.986695
0.000010 0.020373 0.000010 0.979607
0.000010 0.000010 0.004417 0.995563
0.000010 0.000010 0.000010 0.999970
0.000010 0.001714 0.000010 0.998266
0.000010 0.000010 0.000010 0.999970
0.000010 0.000010 0.000010 0.999970
0.000010 0.000010 0.000010 0.999970
0.000010 0.000010 0.000010 0.999970
0.000010 0.010002 0.000010 0.989978
0.000010 0.006004 0.000010 0.993976
0.000010 0.000010 0.000010 0.999970
0.000010 0.000010 0.000010 0.999970
0.000010 0.000010 0.000010 0.999970
0.000010 0.000010 0.000010 0.999970
0.000010 0.000010 0.000909 0.999071
0.000010 0.000010 0.000010 0.999970
0.000010 0.000010 0.020372 0.979608
0.000010 0.000010 0.000010 0.999970
0.000010 0.014870 0.014926 0.970194
0.000010 0.000010 0.000010 0.999970
0.000010 0.410998 0.007938 0.581054
0.004251 0.346871 0.108418 0.540459
0.001324 0.339378 0.082721 0.576578
0.000010 0.065445 0.900376 0.034169
0.000010 0.264803 0.014564 0.720623
0.000010 0.258932 0.000010 0.741048
0.000223 0.137986 0.000010 0.861781
0.000010 0.097727 0.000010 0.902253
0.000010 0.051906 0.948074 0.000010
0.001555 0.129141 0.869294 0.000010
0.000010 0.028358 0.938596 0.033036
0.000010 0.000010 0.028644 0.971336
0.000010 0.000010 0.013536 0.986444
0.000010 0.000010 0.000010 0.999970
0.000010 0.000010 0.002013 0.997967
0.000010 0.000010 0.000010 0.999970
0.000010 0.000010 0.000010 0.999970
0.000010 0.000010 0.000010 0.999970
0.000010 0.000010 0.000010 0.999970
0.000010 0.024790 0.000010 0.975190
0.000010 0.000010 0.019914 0.980066
0.000010 0.074773 0.000010 0.925207
0.000010 0.000010 0.016302 0.983678
0.000010 0.000010 0.000010 0.999970
0.000010 0.000010 0.012811 0.987169
0.000010 0.022351 0.007584 0.970055
0.000010 0.000010 0.016152 0.983828
0.000010 0.028260 0.000010 0.971720
0.000010 0.000010 0.000010 0.999970
0.000010 0.000010 0.020850 0.979130
0.000010 0.000010 0.000010 0.999970
0.000010 0.000010 0.020176 0.979804
0.000010 0.079184 0.002392 0.918414
0.001881 0.120640 0.869652 0.007827
0.000809 0.044920 0.954261 0.000010
0.000329 0.091735 0.890367 0.017569
0.000017 0.260321 0.000010 0.739652
0.002305 0.191229 0.000010 0.806456
0.000879 0.244085 0.000010 0.755026
0.000010 0.215988 0.000010 0.783992
0.000010 0.000010 0.018083 0.981897
0.000010 0.000010 0.000010 0.999970
0.000010 0.000010 0.000010 0.999970
0.000010 0.009727 0.000010 0.990253
0.000010 0.000010 0.005248 0.994732
0.000010 0.000010 0.011094 0.988886
0.000010 0.000010 0.000010 0.999970
0.000010 0.021019 0.000010 0.978961
0.000010 0.000010 0.010022 0.989958
0.000010 0.000010 0.000010 0.999970
0.000010 0.000010 0.000010 0.999970
0.000010 0.000010 0.000010 0.999970
0.000010 0.000010 0.000010 0.999970
0.000010 0.000010 0.012260 0.987720
0.000010 0.000010 0.000010 0.999970
0.000010 0.000010 0.000010 0.999970
0.000010 0.000010 0.000010 0.999970
0.000010 0.000010 0.014369 0.985611
0.000010 0.000010 0.000010 0.999970
0.000010 0.000010 0.023319 0.976661
0.004856 0.995124 0.000010 0.000010
0.007165 0.992815 0.000010 0.000010
0.003082 0.996898 0.000010 0.000010
0.003580 0.996400 0.000010 0.000010
0.003220 0.996760 0.000010 0.000010
0.000969 0.999011 0.000010 0.000010
0.005807 0.994173 0.000010 0.000010
0.003500 0.996480 0.000010 0.000010
0.001528 0.998452 0.000010 0.000010
0.002778 0.997202 0.000010 0.000010
0.000353 0.953083 0.025247 0.021317
0.005049 0.994931 0.000010 0.000010
0.002559 0.997421 0.000010 0.000010
0.005274 0.994706 0.000010 0.000010
0.003354 0.977216 0.019420 0.000010
0.004258 0.995722 0.000010 0.000010
0.002891 0.997089 0.000010 0.000010
0.001289 0.971823 0.021500 0.005388
0.001982 0.937411 0.060598 0.000010
0.001566 0.994985 0.003439 0.000010
0.000010 0.000010 0.013093 0.986887
0.001056 0.453456 0.017542 0.527945
0.000010 0.611608 0.014939 0.373443
0.000010 0.073451 0.926529 0.000010
0.001834 0.259765 0.738391 0.000010
0.000010 0.180732 0.819248 0.000010
0.000527 0.072606 0.926857 0.000010
