0.000010 0.858687 0.000010 0.000010 0.141233 0.000010 0.000010 0.000010 0.000010 0.000010
0.000010 0.897729 0.000010 0.000010 0.033280 0.000010 0.000010 0.000010 0.068921 0.000010
0.000010 0.872175 0.000010 0.000010 0.000013 0.000010 0.000010 0.127742 0.000010 0.000010
0.000010 0.864895 0.000010 0.080164 0.042001 0.000010 0.000010 0.000010 0.012880 0.000010
0.000010 0.871423 0.000010 0.128497 0.000010 0.000010 0.000010 0.000010 0.000010 0.000010
0.093717 0.886728 0.000010 0.000010 0.000010 0.000010 0.000010 0.000010 0.000010 0.019485
0.000010 0.889764 0.000010 0.000013 0.000010 0.000010 0.103014 0.000010 0.000010 0.007149
0.000010 0.838958 0.000010 0.083794 0.000010 0.077178 0.000010 0.000010 0.000010 0.000010
0.000010 0.888265 0.000010 0.000010 0.000010 0.000010 0.111655 0.000010 0.000010 0.000010
0.000010 0.874013 0.000010 0.028099 0.000015 0.000010 0.000010 0.084605 0.000010 0.013218
0.427933 0.000010 0.045272 0.000010 0.000010 0.131990 0.000010 0.367330 0.000010 0.027425
0.451562 0.000010 0.000010 0.020622 0.000010 0.069504 0.000010 0.456805 0.001457 0.000010
0.438998 0.000010 0.000010 0.020432 0.048945 0.000010 0.022046 0.469529 0.000010 0.000010
0.456053 0.000010 0.000010 0.018330 0.000010 0.097308 0.000164 0.404534 0.023570 0.000010
0.552208 0.000010 0.049220 0.000010 0.000010 0.026926 0.000010 0.340182 0.031414 0.000010
0.288877 0.000010 0.109802 0.044255 0.000010 0.000010 0.003788 0.553229 0.000010 0.000010
0.479771 0.000010 0.000010 0.046218 0.000010 0.000010 0.000010 0.473941 0.000010 0.000010
0.429063 0.000010 0.000010 0.001498 0.000010 0.099613 0.000010 0.469766 0.000010 0.000010
0.520352 0.000010 0.026193 0.002423 0.000010 0.019740 0.000010 0.415287 0.015965 0.000010
0.569577 0.000010 0.000010 0.000010 0.000010 0.000010 0.000010 0.430343 0.000010 0.000010
0.536662 0.000010 0.000010 0.000010 0.000010 0.020869 0.000010 0.442399 0.000010 0.000010
0.502784 0.000010 0.035315 0.000010 0.000010 0.000010 0.002273 0.414356 0.045222 0.000010
0.488349 0.000010 0.000010 0.094281 0.000010 0.021886 0.000010 0.367923 0.027510 0.000010
0.464194 0.000010 0.062715 0.020945 0.000010 0.131372 0.000010 0.314516 0.006218 0.000010
0.288843 0.000010 0.019150 0.000010 0.000010 0.222107 0.000010 0.406766 0.057722 0.005373
0.547496 0.000010 0.034231 0.032017 0.000010 0.000010 0.006861 0.364793 0.014562 0.000010
0.388627 0.000010 0.000010 0.023658 0.021745 0.041407 0.000010 0.524513 0.000010 0.000010
0.417816 0.000010 0.114956 0.000010 0.000010 0.000010 0.000010 0.467158 0.000010 0.000010
0.390467 0.000010 0.050264 0.022152 0.000010 0.077970 0.002257 0.456849 0.000010 0.000010
0.559936 0.000010 0.000010 0.000010 0.000010 0.024543 0.002503 0.345441 0.043041 0.024496
0.462667 0.000010 0.103080 0.000010 0.000010 0.000010 0.000010 0.434183 0.000010 0.000010
0.325395 0.000010 0.000010 0.041701 0.000010 0.083479 0.000010 0.549364 0.000010 0.000010
0.496530 0.000010 0.044972 0.009420 0.000010 0.010871 0.002759 0.435408 0.000010 0.000010
0.549706 0.000010 0.000010 0.002080 0.000010 0.068452 0.000250 0.369281 0.010191 0.000010
0.604914 0.000010 0.084145 0.007347 0.000010 0.000010 0.000010 0.303534 0.000010 0.000010
0.418167 0.000010 0.000010 0.000010 0.000010 0.000010 0.004423 0.572796 0.004554 0.000010
0.471541 0.000010 0.000010 0.000010 0.000010 0.004341 0.000010 0.524048 0.000010 0.000010
0.526991 0.000010 0.000010 0.043407 0.000010 0.014608 0.002711 0.412233 0.000010 0.000010
0.341648 0.000010 0.000010 0.000010 0.000010 0.143265 0.000010 0.448766 0.045551 0.020720
0.402315 0.000010 0.016345 0.023078 0.000010 0.036399 0.000010 0.503628 0.000010 0.018195
0.191521 0.000010 0.053683 0.024211 0.000010 0.184472 0.000010 0.533186 0.012887 0.000010
0.381285 0.000014 0.000010 0.013689 0.000010 0.047937 0.002581 0.554453 0.000010 0.000010
0.427793 0.000010 0.000010 0.022648 0.000010 0.093733 0.017022 0.438755 0.000010 0.000010
0.381121 0.000010 0.000010 0.031647 0.026374 0.000010 0.000010 0.560798 0.000010 0.000010
0.449819 0.000010 0.009945 0.000012 0.000010 0.068969 0.000010 0.452639 0.018577 0.000010
0.544088 0.000914 0.092790 0.000010 0.000010 0.043559 0.000010 0.310280 0.008329 0.000010
0.281867 0.000010 0.044053 0.012772 0.000010 0.048333 0.000010 0.604459 0.000010 0.008476
0.347513 0.000010 0.022460 0.018309 0.000010 0.030048 0.000010 0.571866 0.009764 0.000010
0.338904 0.000010 0.011063 0.054326 0.000010 0.068182 0.000010 0.527475 0.000010 0.000010
0.559514 0.000010 0.089209 0.007630 0.000010 0.000010 0.000010 0.281262 0.062336 0.000010
0.465927 0.000010 0.015369 0.018608 0.000010 0.124841 0.000010 0.368769 0.006446 0.000010
0.510885 0.000010 0.000010 0.006427 0.000010 0.134746 0.000010 0.347882 0.000010 0.000010
0.340567 0.000010 0.072303 0.003732 0.003699 0.093542 0.007247 0.465824 0.013065 0.000010
0.385906 0.000010 0.053847 0.018678 0.000010 0.116363 0.000010 0.407700 0.017466 0.000010
0.544351 0.000010 0.040014 0.022937 0.000010 0.021250 0.000010 0.371398 0.000010 0.000010
0.337319 0.000010 0.000010 0.054764 0.000010 0.092949 0.009354 0.496494 0.000010 0.009080
0.343417 0.000010 0.000010 0.043313 0.000010 0.161950 0.000010 0.430985 0.000010 0.020285
0.313504 0.000010 0.035000 0.000010 0.000010 0.137798 0.000010 0.513637 0.000010 0.000010
0.497827 0.000673 0.066381 0.000010 0.000010 0.000010 0.000010 0.405179 0.027624 0.002275
0.573563 0.000010 0.000010 0.022858 0.000010 0.000010 0.000010 0.403509 0.000010 0.000010
0.352901 0.000892 0.046920 0.000010 0.000010 0.067993 0.026842 0.467582 0.036840 0.000010
0.397874 0.000010 0.050301 0.012057 0.000010 0.007631 0.000010 0.529320 0.002776 0.000010
0.380768 0.000192 0.047795 0.014534 0.000010 0.070280 0.041125 0.445276 0.000010 0.000010
0.558070 0.000010 0.068087 0.015686 0.000010 0.000010 0.000010 0.336633 0.000010 0.021474
0.467627 0.000010 0.000010 0.000010 0.000010 0.099684 0.000818 0.431811 0.000010 0.000010
0.385088 0.000010 0.049743 0.013155 0.009710 0.060843 0.008823 0.456499 0.010678 0.005450
0.043242 0.000010 0.000010 0.026151 0.000010 0.000010 0.000010 0.882456 0.015743 0.032357
0.000010 0.000010 0.000010 0.000010 0.000010 0.000010 0.000010 0.878308 0.000010 0.121612
0.039512 0.000010 0.029679 0.006026 0.027964 0.004705 0.000010 0.835130 0.056954 0.000010
0.029575 0.000010 0.000010 0.000010 0.010068 0.034380 0.000010 0.862558 0.036316 0.027064
0.000010 0.000010 0.000010 0.056721 0.000010 0.076697 0.000010 0.849898 0.000010 0.016623
0.000010 0.000010 0.000010 0.000010 0.000010 0.063105 0.000010 0.884733 0.000010 0.052092
0.000010 0.000017 0.000010 0.017834 0.000010 0.000010 0.000010 0.895981 0.000010 0.086107
0.000010 0.000010 0.000010 0.026544 0.000010 0.142612 0.011248 0.790750 0.028796 0.000010
0.152513 0.000010 0.000010 0.000010 0.000010 0.159016 0.070517 0.595921 0.012460 0.009533
0.000010 0.000010 0.000010 0.000010 0.000010 0.000010 0.000010 0.873862 0.038157 0.087911
0.000010 0.000010 0.056190 0.024896 0.000010 0.000010 0.000010 0.866077 0.000010 0.052777
0.000010 0.000010 0.030479 0.096395 0.000010 0.052673 0.000010 0.785902 0.034501 0.000010
0.066357 0.000010 0.000010 0.043000 0.000010 0.000010 0.000010 0.827210 0.063373 0.000010
0.000010 0.000010 0.087060 0.010852 0.000010 0.000010 0.000010 0.765901 0.118082 0.018054
0.117836 0.000010 0.097786 0.013210 0.000010 0.000010 0.000010 0.752815 0.000010 0.018303
0.152916 0.000010 0.003788 0.034144 0.000010 0.002519 0.000010 0.745132 0.000010 0.061461
0.189357 0.000010 0.086211 0.012539 0.000010 0.049105 0.000010 0.641383 0.000010 0.021366
0.486991 0.000010 0.027606 0.020540 0.000010 0.000010 0.000010 0.464804 0.000010 0.000010
0.555679 0.000010 0.107877 0.012644 0.005527 0.000010 0.000010 0.309075 0.009159 0.000010
0.476199 0.000010 0.000010 0.014128 0.000010 0.120955 0.000010 0.372041 0.016628 0.000010
0.272834 0.000010 0.085677 0.000010 0.000010 0.128383 0.000010 0.513047 0.000010 0.000010
0.397233 0.000010 0.047415 0.031921 0.000010 0.095462 0.000010 0.424753 0.003176 0.000010
0.460406 0.000010 0.029651 0.044923 0.000010 0.000010 0.000010 0.464960 0.000010 0.000010
0.537406 0.000010 0.009060 0.039814 0.000010 0.000010 0.000010 0.380516 0.033154 0.000010
0.531896 0.000010 0.054396 0.000010 0.000010 0.068579 0.016820 0.301596 0.026674 0.000010
0.347309 0.000010 0.000010 0.005212 0.000010 0.115482 0.007226 0.511297 0.013433 0.000010
0.502639 0.000010 0.075595 0.000010 0.000010 0.000010 0.000010 0.414990 0.001467 0.005258
0.495027 0.000010 0.074635 0.032921 0.019875 0.000010 0.000682 0.374965 0.000010 0.001865
0.420909 0.000015 0.000010 0.000010 0.000010 0.146790 0.000010 0.378888 0.053347 0.000010
0.389718 0.000010 0.000010 0.014950 0.000010 0.104516 0.012962 0.477803 0.000010 0.000010
0.356522 0.000301 0.018077 0.005221 0.022539 0.169958 0.000010 0.426556 0.000807 0.000010
0.358193 0.000010 0.101537 0.000010 0.000010 0.000010 0.000010 0.531757 0.008453 0.000010
0.463087 0.000010 0.008464 0.000010 0.000010 0.094840 0.003126 0.414920 0.015522 0.000010
0.484200 0.000010 0.106529 0.002127 0.000010 0.061075 0.000010 0.346018 0.000010 0.000010
0.288740 0.000010 0.000010 0.020218 0.000010 0.240309 0.000010 0.450673 0.000010 0.000010
0.444638 0.000010 0.000010 0.000010 0.000010 0.000012 0.026209 0.509300 0.019791 0.000010
0.624815 0.000010 0.099080 0.020105 0.000010 0.000010 0.000010 0.253472 0.002478 0.000010
0.550357 0.000481 0.000010 0.014295 0.000010 0.000010 0.000010 0.434807 0.000010 0.000010
0.533570 0.000010 0.000010 0.030225 0.000010 0.000010 0.000010 0.390202 0.045943 0.000010
0.552511 0.000010 0.118454 0.005177 0.000010 0.000010 0.000010 0.323798 0.000010 0.000010
0.207372 0.000010 0.037589 0.000010 0.000010 0.260921 0.026453 0.416903 0.000010 0.050722
0.476889 0.000010 0.000010 0.009009 0.000010 0.000010 0.000010 0.504353 0.009689 0.000010
0.493073 0.000010 0.000010 0.000043 0.000010 0.069740 0.000010 0.437084 0.000010 0.000010
0.558259 0.000010 0.000010 0.023117 0.000010 0.010282 0.000010 0.380855 0.027437 0.000010
0.466896 0.000010 0.035766 0.023395 0.000010 0.016252 0.000010 0.436145 0.000010 0.021506
0.512769 0.000010 0.109485 0.006579 0.000010 0.000010 0.000686 0.362412 0.000010 0.008029
0.348602 0.000010 0.155286 0.000010 0.000010 0.026316 0.000010 0.427472 0.042274 0.000010
0.321194 0.000051 0.000010 0.005164 0.000010 0.146513 0.010025 0.496023 0.021000 0.000010
0.000010 0.000010 0.046038 0.000754 0.000010 0.084749 0.000010 0.840814 0.019308 0.008296
0.000010 0.000010 0.000010 0.023332 0.000010 0.000010 0.000010 0.912496 0.058593 0.005519
0.000010 0.000010 0.078488 0.000010 0.000010 0.000010 0.000010 0.836018 0.041358 0.044076
0.000010 0.000010 0.000010 0.040372 0.000010 0.000010 0.000010 0.860755 0.098803 0.000010
0.000010 0.000010 0.000010 0.054202 0.000718 0.000010 0.023282 0.854424 0.000010 0.067324
0.000010 0.000010 0.000010 0.028515 0.010319 0.039150 0.000010 0.862072 0.015330 0.044574
0.000010 0.000010 0.000010 0.018525 0.000010 0.000010 0.006650 0.939553 0.022130 0.013091
0.000010 0.000010 0.039582 0.032187 0.000010 0.000010 0.000010 0.881334 0.046837 0.000010
0.000010 0.000010 0.071386 0.000010 0.015193 0.000010 0.012721 0.805878 0.005406 0.089375
0.101592 0.000010 0.091694 0.036960 0.000010 0.037654 0.017061 0.688401 0.026608 0.000010
0.000010 0.000010 0.066914 0.009819 0.000010 0.000010 0.000010 0.864013 0.059194 0.000010
0.000010 0.000010 0.000010 0.044858 0.000010 0.000010 0.000010 0.945700 0.009371 0.000010
0.000010 0.000010 0.000010 0.000010 0.000010 0.018411 0.030883 0.904579 0.000010 0.046067
0.071276 0.000010 0.037750 0.054114 0.000010 0.000010 0.000010 0.812632 0.002994 0.021194
0.024061 0.000010 0.026016 0.000010 0.000010 0.042651 0.000010 0.874098 0.000010 0.033125
0.000010 0.000010 0.000010 0.000010 0.000010 0.035525 0.000010 0.877474 0.064738 0.022203
0.000010 0.000010 0.000010 0.028431 0.000010 0.000010 0.000010 0.962668 0.008831 0.000010
0.000010 0.000010 0.116393 0.000010 0.000010 0.000010 0.000010 0.806160 0.039745 0.037643
0.000010 0.000010 0.000010 0.015906 0.000010 0.000010 0.000010 0.899681 0.000010 0.084343
0.000010 0.000010 0.000010 0.032478 0.000010 0.000010 0.000010 0.941018 0.000010 0.026433
0.032166 0.000010 0.021028 0.041539 0.000951 0.043445 0.000010 0.786627 0.051086 0.023137
0.143546 0.000010 0.000010 0.051918 0.000010 0.000010 0.000010 0.750321 0.010496 0.043668
0.000010 0.000010 0.000010 0.069726 0.000010 0.000010 0.004117 0.871367 0.005294 0.049445
0.000010 0.000010 0.000010 0.089931 0.000010 0.000010 0.000010 0.889965 0.000010 0.020034
0.050712 0.000010 0.042229 0.008578 0.000010 0.000010 0.021918 0.844466 0.032058 0.000010
0.030362 0.000010 0.000010 0.012881 0.000010 0.000010 0.000010 0.870304 0.047432 0.038971
0.099186 0.000010 0.000010 0.011351 0.000010 0.000010 0.000010 0.798106 0.005274 0.086034
0.034620 0.000010 0.000010 0.005789 0.000010 0.060769 0.000010 0.894306 0.000010 0.004466
0.000010 0.000010 0.048824 0.014487 0.000010 0.000010 0.002351 0.857307 0.007509 0.069482
0.000010 0.000010 0.000010 0.000010 0.000010 0.000010 0.000010 0.887398 0.018197 0.094336
0.000010 0.000010 0.000010 0.054268 0.000010 0.000010 0.000010 0.939762 0.000010 0.005899
0.000010 0.000010 0.000010 0.004356 0.000010 0.000010 0.000010 0.891074 0.020139 0.084371
0.000010 0.000010 0.150383 0.000010 0.000010 0.000010 0.007244 0.810027 0.032287 0.000010
0.000010 0.000010 0.000010 0.000010 0.000010 0.000010 0.000010 0.877284 0.000010 0.122636
0.050655 0.000010 0.000010 0.000010 0.011649 0.000010 0.000010 0.870118 0.000010 0.067518
0.085062 0.000010 0.005522 0.034552 0.030039 0.081623 0.000010 0.713545 0.000010 0.049626
0.000010 0.000010 0.000010 0.000010 0.000010 0.000010 0.000010 0.932602 0.003542 0.063786
0.128185 0.000010 0.040146 0.058432 0.000010 0.000010 0.000010 0.737153 0.006339 0.029705
0.132551 0.000010 0.010166 0.055308 0.000010 0.000010 0.000010 0.763354 0.000010 0.038571
0.107334 0.000748 0.020694 0.036534 0.000010 0.000010 0.000010 0.795091 0.039559 0.000010
0.175641 0.000010 0.000010 0.063374 0.000010 0.062109 0.000010 0.637821 0.012524 0.048491
0.079667 0.000010 0.072007 0.026020 0.000010 0.000010 0.007418 0.770939 0.004734 0.039185
0.044172 0.000010 0.000010 0.008939 0.000010 0.000010 0.001146 0.898714 0.000010 0.046979
0.000010 0.000010 0.027697 0.006294 0.000010 0.000010 0.000010 0.831607 0.064835 0.069517
0.138184 0.000010 0.000010 0.025467 0.008611 0.000010 0.033029 0.759777 0.026848 0.008054
0.000010 0.000010 0.000010 0.021673 0.000010 0.000010 0.000010 0.948536 0.029720 0.000010
0.000010 0.000011 0.041283 0.029318 0.036892 0.000010 0.000010 0.847389 0.045066 0.000010
0.127167 0.000010 0.000010 0.027788 0.000010 0.076384 0.027688 0.712725 0.000010 0.028207
0.040429 0.000010 0.000010 0.102106 0.000010 0.031894 0.000010 0.825512 0.000010 0.000010
0.000010 0.000010 0.012047 0.034177 0.000010 0.000010 0.000010 0.864866 0.025707 0.063152
0.307501 0.000010 0.062707 0.000010 0.000010 0.000010 0.000010 0.592980 0.000010 0.036753
0.184323 0.000472 0.003319 0.010730 0.000010 0.000010 0.000010 0.688006 0.000010 0.113110
0.123895 0.000010 0.039988 0.004245 0.000010 0.050179 0.000010 0.703297 0.015847 0.062519
0.000010 0.000010 0.029627 0.029133 0.000010 0.000010 0.000010 0.941170 0.000010 0.000010
0.277507 0.000010 0.039124 0.007918 0.000010 0.000010 0.000010 0.621510 0.007108 0.046792
0.229982 0.000010 0.000010 0.059718 0.000010 0.000010 0.001663 0.609529 0.000010 0.099058
0.156532 0.000010 0.030782 0.000010 0.000010 0.000010 0.000010 0.657571 0.046099 0.108967
0.000010 0.000010 0.000010 0.024040 0.000010 0.050425 0.000010 0.904444 0.000010 0.021031
0.000010 0.000010 0.051498 0.079821 0.000010 0.000010 0.000010 0.839503 0.000010 0.029118
0.000010 0.000010 0.000010 0.029624 0.000010 0.004275 0.013483 0.903969 0.048599 0.000010
0.000010 0.000010 0.000010 0.046272 0.000010 0.000010 0.000010 0.903998 0.006660 0.043010
0.162197 0.000010 0.000010 0.000010 0.000010 0.000010 0.000010 0.756048 0.059661 0.022034
0.000010 0.000010 0.049380 0.067587 0.002173 0.006609 0.000010 0.851984 0.000010 0.022226
0.003358 0.000010 0.026712 0.035539 0.000010 0.000010 0.000010 0.904645 0.010585 0.019120
0.154315 0.000010 0.046461 0.000010 0.000010 0.038776 0.000010 0.718065 0.000010 0.042332
0.000010 0.000010 0.040736 0.013982 0.000010 0.052738 0.000010 0.851734 0.009151 0.031619
0.000010 0.000010 0.055841 0.007988 0.000010 0.000010 0.000010 0.855847 0.034904 0.045369
0.123194 0.000010 0.000010 0.013969 0.000010 0.000010 0.000010 0.775147 0.002140 0.085500
0.000010 0.000010 0.014867 0.073836 0.012557 0.000010 0.000010 0.887107 0.000010 0.011583
0.000010 0.000010 0.008276 0.000010 0.005159 0.064196 0.000010 0.826184 0.002566 0.093579
0.000010 0.000010 0.000010 0.049666 0.000010 0.010830 0.000010 0.890339 0.036862 0.012254
0.139634 0.000010 0.052151 0.007498 0.000010 0.000010 0.000010 0.761974 0.000010 0.038693
0.000010 0.000010 0.000010 0.028809 0.001217 0.000010 0.000010 0.879177 0.013471 0.077277
0.034101 0.000010 0.000010 0.066629 0.000010 0.000010 0.000010 0.862745 0.000010 0.036465
0.000010 0.000010 0.000010 0.082193 0.000010 0.000010 0.000010 0.858111 0.018348 0.041288
0.119571 0.000010 0.036640 0.000010 0.004843 0.004237 0.000010 0.779704 0.000010 0.054965
0.000010 0.000010 0.000010 0.037813 0.000010 0.000010 0.018340 0.911967 0.012972 0.018858
0.099762 0.000010 0.000010 0.000010 0.003203 0.000010 0.003369 0.807734 0.024833 0.061058
0.124478 0.000010 0.000010 0.000010 0.000010 0.003338 0.000010 0.793341 0.004500 0.074294
0.000010 0.000010 0.000010 0.000010 0.000010 0.000010 0.000010 0.965413 0.013298 0.021220
0.000010 0.000010 0.000010 0.010110 0.003946 0.000010 0.000010 0.937894 0.010731 0.037269
0.000010 0.000010 0.000010 0.017029 0.000010 0.000010 0.027510 0.940361 0.000010 0.015040
0.000010 0.000010 0.000010 0.005269 0.000010 0.000010 0.000010 0.000010 0.000010 0.994651
0.000010 0.000010 0.000010 0.047782 0.000010 0.000010 0.000010 0.000010 0.000010 0.952138
0.000010 0.000010 0.000010 0.033749 0.000010 0.000010 0.000010 0.000010 0.000010 0.966171
0.000010 0.000010 0.000010 0.052015 0.000010 0.000010 0.000010 0.000010 0.000010 0.947905
0.000010 0.000010 0.000010 0.061582 0.000010 0.000010 0.001913 0.000010 0.000010 0.936435
0.000010 0.000010 0.000010 0.036246 0.000010 0.000010 0.000010 0.000010 0.000010 0.963674
0.000010 0.000010 0.000010 0.000010 0.000010 0.000010 0.000010 0.000010 0.000010 0.999910
0.000010 0.000010 0.000010 0.019556 0.000010 0.000010 0.000010 0.000010 0.000010 0.980364
0.000010 0.000010 0.000010 0.013108 0.000010 0.000010 0.000010 0.000010 0.000010 0.986812
0.000010 0.000010 0.000010 0.040147 0.000010 0.000010 0.000010 0.000010 0.003208 0.956575
0.000010 0.000010 0.000010 0.017015 0.000010 0.000010 0.000010 0.000010 0.000010 0.982905
0.000010 0.000010 0.000010 0.009895 0.000010 0.000010 0.000010 0.000010 0.000010 0.990025
0.000010 0.000010 0.000010 0.000010 0.000010 0.000010 0.000010 0.000010 0.000010 0.999910
0.000010 0.000010 0.000010 0.000010 0.000010 0.000010 0.000010 0.000010 0.000010 0.999910
0.000010 0.000010 0.000010 0.019206 0.000010 0.000010 0.000010 0.000010 0.000010 0.980714
0.000010 0.000010 0.000010 0.033789 0.000010 0.000010 0.000010 0.000010 0.000010 0.966131
0.000010 0.000010 0.000010 0.036802 0.000010 0.000010 0.000010 0.000010 0.000010 0.963118
0.000010 0.000010 0.000010 0.000010 0.000010 0.000010 0.001544 0.000010 0.000010 0.998376
0.000010 0.000010 0.000010 0.015024 0.000010 0.000010 0.000010 0.000010 0.023635 0.961271
0.000010 0.000010 0.000010 0.004695 0.000010 0.000010 0.000010 0.000010 0.000010 0.995225
0.000010 0.000010 0.000010 0.000010 0.000010 0.000010 0.000010 0.000010 0.000010 0.999910
0.000010 0.000010 0.000010 0.006060 0.000010 0.000010 0.000010 0.000010 0.000010 0.993860
0.000010 0.000010 0.000010 0.000010 0.000010 0.000010 0.000010 0.000010 0.000010 0.999910
0.000010 0.000010 0.000010 0.000010 0.000010 0.000010 0.000010 0.000010 0.037322 0.962598
0.000010 0.000010 0.000010 0.000010 0.000010 0.000010 0.000010 0.000010 0.000010 0.999910
0.000010 0.000010 0.000010 0.000010 0.000010 0.000010 0.000010 0.000010 0.022706 0.977214
0.000010 0.000010 0.000010 0.036572 0.000010 0.000010 0.000010 0.000010 0.000010 0.963348
0.000010 0.000010 0.000010 0.000010 0.000010 0.000010 0.000010 0.000010 0.000010 0.999910
0.000010 0.000010 0.000010 0.002513 0.000010 0.000010 0.000010 0.000010 0.000010 0.997407
0.000010 0.000010 0.000010 0.000010 0.000010 0.000010 0.000010 0.000010 0.000010 0.999910
0.000010 0.000010 0.000010 0.024299 0.000010 0.000010 0.000010 0.000010 0.000010 0.975621
0.000010 0.000010 0.000010 0.000010 0.000010 0.000010 0.000010 0.000010 0.000010 0.999910
0.000010 0.000010 0.000010 0.000010 0.000010 0.000010 0.000010 0.000010 0.005227 0.994693
0.000010 0.000010 0.000010 0.036701 0.000010 0.000010 0.000010 0.000010 0.000010 0.963219
0.000010 0.000010 0.000010 0.021727 0.000010 0.000010 0.000010 0.000010 0.000010 0.978193
0.000010 0.000010 0.000010 0.002645 0.000010 0.000010 0.000010 0.000010 0.000010 0.997275
0.000010 0.000010 0.000010 0.000010 0.012496 0.000010 0.000010 0.000010 0.000010 0.987424
0.000010 0.000010 0.000010 0.004496 0.000010 0.000010 0.000010 0.000010 0.000010 0.995424
0.000010 0.000010 0.000010 0.000010 0.024553 0.000010 0.000010 0.000010 0.000010 0.975367
0.000010 0.000010 0.000010 0.014706 0.000010 0.000010 0.000010 0.000010 0.000010 0.985214
0.000010 0.000010 0.000010 0.000010 0.000010 0.000010 0.000010 0.000010 0.000010 0.999910
0.000010 0.000010 0.000010 0.000010 0.000010 0.000010 0.000010 0.000010 0.000010 0.999910
0.000010 0.000010 0.000010 0.013580 0.000010 0.000010 0.000010 0.000010 0.000010 0.986340
0.000010 0.000010 0.000010 0.008656 0.000010 0.000010 0.000010 0.000010 0.000010 0.991264
0.000010 0.000010 0.000010 0.000010 0.000010 0.000010 0.000010 0.000010 0.000010 0.999910
0.000010 0.000010 0.000010 0.000010 0.000010 0.000010 0.000010 0.000010 0.026868 0.973052
0.000010 0.000010 0.000010 0.000552 0.000010 0.000010 0.000010 0.000010 0.007171 0.992207
0.000010 0.000010 0.000010 0.028064 0.000010 0.000010 0.002407 0.000010 0.000010 0.969459
0.000010 0.000010 0.000010 0.002076 0.000010 0.000010 0.000010 0.000010 0.000010 0.997844
0.000010 0.000010 0.000010 0.012710 0.000010 0.000010 0.000010 0.000010 0.000010 0.987210
0.000010 0.000010 0.000010 0.014842 0.000010 0.000010 0.000010 0.000010 0.000010 0.985078
0.000010 0.000010 0.000010 0.002794 0.000010 0.000010 0.000010 0.004628 0.000010 0.992508
0.000010 0.000010 0.000010 0.015116 0.000010 0.000010 0.003085 0.000010 0.000010 0.981728
0.000010 0.000010 0.000010 0.055144 0.000010 0.000010 0.000010 0.000010 0.000010 0.944776
0.000010 0.000010 0.028048 0.028489 0.000010 0.000010 0.000010 0.000010 0.000010 0.943394
0.000010 0.000010 0.000010 0.001997 0.000010 0.000010 0.000010 0.000010 0.016825 0.981108
0.000010 0.000010 0.000010 0.015535 0.000010 0.000010 0.000010 0.000010 0.000010 0.984385
0.000010 0.000010 0.000010 0.032706 0.000010 0.000010 0.000010 0.000010 0.000010 0.967214
0.000010 0.000010 0.000010 0.039372 0.000010 0.000010 0.000010 0.000010 0.000010 0.960548
0.000010 0.000010 0.000010 0.040878 0.000010 0.000010 0.000010 0.000010 0.000010 0.959042
0.000010 0.000010 0.000010 0.000010 0.000010 0.000010 0.000010 0.000010 0.002703 0.997217
0.000010 0.000010 0.000010 0.030353 0.000010 0.000010 0.000010 0.000010 0.000010 0.969567
0.000010 0.000010 0.000010 0.027129 0.000010 0.000010 0.000010 0.000010 0.000010 0.972791
0.000010 0.000010 0.000010 0.003904 0.000010 0.000010 0.000010 0.000010 0.000010 0.996016
0.000010 0.000010 0.000010 0.015307 0.000010 0.000010 0.000010 0.000010 0.000010 0.984613
0.000010 0.000010 0.000010 0.010737 0.000010 0.000010 0.000010 0.000010 0.000010 0.989183
0.000010 0.000010 0.000010 0.023929 0.000010 0.000010 0.000010 0.000010 0.000010 0.975991
0.000010 0.000010 0.000010 0.032459 0.000010 0.000010 0.000010 0.000010 0.000010 0.967461
0.445204 0.000010 0.000010 0.065135 0.000239 0.244735 0.063816 0.063377 0.117464 0.000010
0.560656 0.000010 0.046212 0.006934 0.051552 0.107349 0.027436 0.098069 0.100422 0.001359
0.549179 0.000010 0.035590 0.000016 0.204059 0.034896 0.000010 0.000010 0.152755 0.023476
0.491752 0.000010 0.024271 0.023722 0.000010 0.239050 0.066892 0.000010 0.154272 0.000010
0.502853 0.000010 0.028839 0.007925 0.117114 0.164321 0.019066 0.000010 0.159852 0.000010
0.000010 0.000010 0.000010 0.008127 0.000010 0.000010 0.000010 0.000010 0.000010 0.991793
0.000010 0.000010 0.000010 0.039177 0.000010 0.000010 0.000010 0.000010 0.000010 0.960743
0.000010 0.000010 0.000010 0.000010 0.000010 0.000010 0.000010 0.000010 0.000010 0.999910
0.000010 0.000010 0.000010 0.000010 0.000010 0.000010 0.000010 0.000010 0.000010 0.999910
0.000010 0.000010 0.000010 0.040332 0.000010 0.000010 0.000010 0.000010 0.000010 0.959588
0.000010 0.000010 0.000010 0.008411 0.000010 0.000010 0.000010 0.000010 0.000010 0.991509
0.000010 0.000010 0.000010 0.000010 0.000010 0.000010 0.000010 0.000010 0.000010 0.999910
0.000010 0.000010 0.000010 0.000010 0.000010 0.000010 0.021181 0.000010 0.000010 0.978739
0.000010 0.000010 0.000010 0.000010 0.000010 0.000010 0.000010 0.000010 0.007523 0.992397
0.000010 0.000010 0.000010 0.014117 0.000010 0.000010 0.000010 0.000010 0.000010 0.985803
0.000010 0.000010 0.000010 0.039537 0.009389 0.000010 0.000010 0.000010 0.000010 0.951004
0.000010 0.000010 0.000010 0.037722 0.000010 0.000010 0.000010 0.000010 0.000010 0.962198
0.000010 0.000010 0.000010 0.051219 0.000010 0.000010 0.000010 0.000010 0.000010 0.948701
0.000010 0.000010 0.000010 0.027852 0.000010 0.000010 0.000010 0.000010 0.000010 0.972068
0.000010 0.000010 0.000010 0.042846 0.000010 0.000010 0.000010 0.000010 0.000010 0.957074
0.000010 0.000010 0.000010 0.042393 0.000010 0.000010 0.000010 0.000010 0.000010 0.957527
0.000010 0.000010 0.000010 0.027641 0.000010 0.000010 0.000010 0.000010 0.000010 0.972279
0.000010 0.000010 0.000010 0.035580 0.000010 0.000010 0.000010 0.000010 0.000010 0.964340
0.000010 0.000010 0.000010 0.000010 0.000010 0.000010 0.000010 0.000010 0.000010 0.999910
0.000010 0.000010 0.000010 0.000010 0.009006 0.000010 0.000010 0.000010 0.000010 0.990914
0.000010 0.000010 0.000010 0.000010 0.000010 0.000010 0.000010 0.000010 0.000010 0.999910
0.000010 0.000010 0.003778 0.000010 0.000010 0.020104 0.000010 0.000010 0.000010 0.976048
0.000010 0.000010 0.000010 0.016683 0.000010 0.000010 0.000010 0.000010 0.003664 0.979582
0.000010 0.000010 0.000010 0.025567 0.000010 0.000010 0.000010 0.000010 0.000010 0.974353
0.000010 0.000010 0.000010 0.005130 0.004867 0.000010 0.000010 0.000010 0.000010 0.989933
0.000010 0.000010 0.000010 0.000010 0.000010 0.000010 0.000010 0.000010 0.016109 0.983811
0.000010 0.000010 0.000010 0.000010 0.000010 0.000010 0.000010 0.000010 0.000010 0.999910
0.000010 0.000010 0.000010 0.009532 0.000010 0.000010 0.000010 0.000010 0.000010 0.990388
0.000010 0.000010 0.000010 0.000010 0.000010 0.000010 0.000010 0.000010 0.019980 0.979940
0.000010 0.000010 0.002302 0.056938 0.000010 0.000010 0.000010 0.000010 0.000010 0.940690
0.000010 0.000010 0.000010 0.000010 0.000010 0.000010 0.000010 0.000010 0.000010 0.999910
0.000010 0.000010 0.000010 0.039611 0.000010 0.000010 0.000010 0.000010 0.000010 0.960309
0.000010 0.000010 0.000010 0.022718 0.000010 0.000010 0.000010 0.000010 0.000010 0.977202
0.000010 0.000010 0.000010 0.000010 0.000010 0.000010 0.000010 0.000010 0.000010 0.999910
0.000010 0.000010 0.000010 0.000010 0.000010 0.000010 0.000010 0.000010 0.000010 0.999910
0.000010 0.000010 0.000010 0.050402 0.000010 0.000010 0.000010 0.000010 0.000010 0.949518
0.000010 0.000010 0.000010 0.000010 0.000010 0.000010 0.008977 0.000010 0.000010 0.990943
0.000010 0.000010 0.000010 0.011571 0.000010 0.000010 0.000010 0.000010 0.000010 0.988349
0.000010 0.000010 0.000010 0.000010 0.000010 0.000010 0.000010 0.000010 0.006742 0.993178
0.000010 0.000010 0.000010 0.055394 0.000010 0.008642 0.000010 0.000010 0.000010 0.935894
0.000010 0.000010 0.000010 0.010362 0.000010 0.006294 0.000010 0.000010 0.000010 0.983274
0.000010 0.000010 0.021509 0.000010 0.000010 0.000010 0.000010 0.000010 0.000010 0.978411
0.000010 0.000010 0.000010 0.034323 0.000010 0.000010 0.000010 0.000010 0.000010 0.965597
0.000010 0.000010 0.000010 0.079566 0.000010 0.000010 0.000010 0.000010 0.000010 0.920354
0.000010 0.000010 0.000010 0.021439 0.000010 0.000010 0.000010 0.000010 0.000010 0.978481
0.000010 0.000010 0.000010 0.080392 0.000010 0.000010 0.000010 0.000010 0.000010 0.919528
0.000010 0.000010 0.000010 0.033188 0.000010 0.000010 0.000010 0.000010 0.000010 0.966732
0.000010 0.000010 0.000010 0.022568 0.000010 0.000010 0.000010 0.000010 0.021736 0.955625
0.000010 0.000010 0.000010 0.022301 0.000010 0.000010 0.000010 0.000010 0.000010 0.977619
0.000010 0.000010 0.000010 0.000010 0.000010 0.000010 0.000010 0.000010 0.000010 0.999910
0.000010 0.000010 0.000010 0.022716 0.000010 0.000010 0.000010 0.000010 0.018115 0.959099
0.000010 0.000010 0.000010 0.029762 0.000010 0.000010 0.010029 0.000010 0.000010 0.960138
0.000010 0.000010 0.000010 0.031065 0.000010 0.000010 0.000010 0.000010 0.000010 0.968855
0.000010 0.000010 0.000010 0.053800 0.000010 0.000010 0.000010 0.000010 0.016991 0.929140
0.380843 0.000589 0.048619 0.030435 0.104474 0.068794 0.090738 0.127175 0.148323 0.000010
0.255496 0.000010 0.042162 0.046748 0.209758 0.179225 0.000010 0.129457 0.137124 0.000010
0.326275 0.000010 0.046696 0.066541 0.084825 0.111993 0.040578 0.185745 0.137326 0.000010
0.310161 0.000010 0.000010 0.002749 0.000010 0.234344 0.087531 0.199929 0.165247 0.000010
0.391656 0.000010 0.000010 0.000010 0.077955 0.270186 0.000010 0.069706 0.190447 0.000010
0.329847 0.000616 0.000010 0.000010 0.007254 0.283557 0.059438 0.105676 0.207522 0.006071
0.000010 0.000010 0.000010 0.042495 0.000010 0.000010 0.000010 0.000010 0.000010 0.957425
0.000010 0.000010 0.000010 0.023737 0.000010 0.000010 0.000010 0.000010 0.000010 0.976183
0.000010 0.000010 0.000010 0.048819 0.000010 0.000010 0.000010 0.000010 0.000010 0.951101
0.000010 0.000010 0.009354 0.000010 0.010206 0.000010 0.000010 0.000010 0.000010 0.980370
0.000010 0.000010 0.016543 0.043168 0.000010 0.000010 0.000010 0.000010 0.000010 0.940219
0.000010 0.000010 0.000010 0.023588 0.000010 0.000010 0.017233 0.000010 0.000010 0.959109
0.000010 0.000010 0.000010 0.007517 0.000010 0.000010 0.000010 0.000010 0.000010 0.992403
0.000010 0.000010 0.000010 0.000010 0.000010 0.000010 0.000010 0.000010 0.030305 0.969615
0.000010 0.000010 0.000010 0.004485 0.000010 0.000010 0.000010 0.000010 0.000010 0.995435
0.000010 0.000010 0.000010 0.039128 0.000010 0.000010 0.000010 0.000010 0.000010 0.960792
0.000010 0.000010 0.009535 0.033482 0.000010 0.000010 0.000010 0.000010 0.000010 0.956913
0.000010 0.000010 0.000010 0.000010 0.000010 0.000010 0.000010 0.000010 0.000010 0.999910
0.000010 0.000010 0.000010 0.024575 0.000010 0.000010 0.000010 0.000010 0.000010 0.975345
0.000010 0.000010 0.000010 0.019994 0.000010 0.000010 0.000010 0.000010 0.000010 0.979926
0.000010 0.000010 0.000010 0.020135 0.000010 0.000010 0.000010 0.000010 0.000010 0.979785
0.000010 0.000010 0.000010 0.024129 0.000010 0.000010 0.000010 0.000010 0.000010 0.975791
0.000010 0.000010 0.000010 0.000010 0.000010 0.000010 0.000010 0.000010 0.000010 0.999910
0.000010 0.000010 0.001788 0.000010 0.000010 0.000010 0.000010 0.000010 0.000010 0.998132
0.000010 0.000010 0.000010 0.000010 0.000010 0.000010 0.010525 0.000010 0.000010 0.989395
0.000010 0.000010 0.000010 0.000010 0.000010 0.000010 0.000010 0.000010 0.000010 0.999910
0.000010 0.000010 0.000010 0.000010 0.000010 0.000010 0.000010 0.000010 0.015467 0.984453
0.000010 0.000010 0.000010 0.018524 0.000010 0.000010 0.000010 0.000010 0.008557 0.972849
0.000010 0.000010 0.000010 0.005374 0.000010 0.000010 0.000010 0.000010 0.000010 0.994546
0.000010 0.000010 0.000010 0.023366 0.000010 0.000010 0.000010 0.000010 0.000010 0.976554
0.000010 0.000010 0.000010 0.010055 0.000010 0.000010 0.000010 0.000010 0.012715 0.977161
0.000010 0.000010 0.000010 0.000010 0.000010 0.000010 0.000010 0.000010 0.000010 0.999910
0.000010 0.000010 0.000010 0.000010 0.000010 0.000010 0.000010 0.000010 0.000010 0.999910
0.000010 0.000010 0.000010 0.005241 0.000010 0.000010 0.000010 0.000010 0.000010 0.994679
0.000010 0.000010 0.000010 0.000010 0.000010 0.000010 0.000010 0.000010 0.000010 0.999910
0.000010 0.000010 0.000010 0.048312 0.000010 0.000010 0.000010 0.000010 0.000010 0.951608
0.000010 0.000010 0.000010 0.000147 0.000010 0.000010 0.000010 0.000010 0.000010 0.999773
0.000010 0.000010 0.000010 0.035350 0.000010 0.000010 0.000010 0.000010 0.000010 0.964570
0.000010 0.000010 0.000010 0.000010 0.000010 0.000010 0.000010 0.000010 0.004448 0.995472
0.000010 0.000010 0.000010 0.009381 0.000010 0.000010 0.000010 0.000010 0.000010 0.990539
0.000010 0.000010 0.000010 0.000010 0.000010 0.000010 0.000010 0.000010 0.000010 0.999910
0.000010 0.000010 0.000010 0.011836 0.000010 0.000010 0.000010 0.000010 0.000010 0.988084
0.000010 0.000010 0.000010 0.018067 0.000010 0.000010 0.000010 0.000010 0.007470 0.974393
0.000010 0.000010 0.000010 0.006563 0.000010 0.000010 0.000010 0.000010 0.000010 0.993357
0.000010 0.000010 0.000010 0.000010 0.000010 0.000010 0.000010 0.000010 0.000010 0.999910
0.000010 0.000010 0.000010 0.067140 0.000010 0.000010 0.000010 0.000010 0.000010 0.932780
0.000010 0.000010 0.000010 0.000010 0.000010 0.000010 0.009994 0.000010 0.000010 0.989926
0.672193 0.000010 0.122041 0.000010 0.004169 0.075683 0.052109 0.000010 0.073765 0.000010
0.525380 0.000010 0.048874 0.000010 0.008978 0.085830 0.057139 0.138962 0.134806 0.000010
0.579377 0.000010 0.053062 0.000010 0.012894 0.081651 0.046933 0.120307 0.097023 0.008733
0.589825 0.000010 0.000010 0.000010 0.117589 0.052119 0.000010 0.000010 0.240408 0.000010
0.546849 0.000010 0.000010 0.000010 0.097041 0.109946 0.001943 0.075345 0.160212 0.008634
0.554545 0.000010 0.000010 0.079823 0.057227 0.111182 0.000010 0.126266 0.051857 0.019071
0.307132 0.000010 0.000010 0.000010 0.045701 0.341730 0.078717 0.112161 0.114519 0.000010
0.353270 0.001931 0.000010 0.044776 0.078878 0.258833 0.019327 0.120532 0.122433 0.000010
0.591236 0.000010 0.022600 0.018859 0.070769 0.156039 0.000010 0.064285 0.076183 0.000010
0.460390 0.000010 0.000010 0.000010 0.004966 0.277613 0.084885 0.000010 0.172096 0.000010
0.515426 0.000010 0.000010 0.012417 0.000600 0.273341 0.067377 0.000010 0.130798 0.000010
0.630503 0.000010 0.104038 0.000010 0.047041 0.000010 0.034628 0.069151 0.114598 0.000010
0.339292 0.000010 0.018016 0.008227 0.000010 0.294102 0.051261 0.085204 0.199787 0.004092
0.000010 0.000010 0.013322 0.019250 0.000010 0.000010 0.000010 0.000010 0.000010 0.967358
0.000010 0.000010 0.000010 0.093619 0.013313 0.000010 0.000010 0.000010 0.000010 0.892998
0.000010 0.000010 0.000010 0.033447 0.016495 0.000010 0.000010 0.000010 0.000010 0.949988
0.000010 0.000010 0.000010 0.017142 0.013777 0.000010 0.000010 0.000010 0.000010 0.969012
0.000010 0.000010 0.000010 0.038100 0.000010 0.000010 0.025188 0.000010 0.000010 0.936642
0.000010 0.000010 0.000010 0.000010 0.001216 0.000010 0.000010 0.000010 0.000010 0.998704
0.000010 0.000010 0.000010 0.042612 0.000010 0.000010 0.002908 0.000010 0.022510 0.931911
0.000010 0.000010 0.000010 0.000010 0.000010 0.000010 0.000010 0.000010 0.000010 0.999910
0.000010 0.000010 0.000010 0.000010 0.000010 0.000010 0.016285 0.000010 0.000010 0.983635
0.000010 0.000010 0.000010 0.042358 0.000010 0.000010 0.000010 0.000010 0.000010 0.957562
0.000010 0.000010 0.000010 0.030899 0.000010 0.000010 0.001222 0.000010 0.000010 0.967810
0.000010 0.000010 0.000010 0.048679 0.000010 0.000010 0.000010 0.000010 0.000010 0.951241
0.000010 0.000010 0.000010 0.050842 0.000010 0.000010 0.011745 0.000010 0.000010 0.937343
0.000010 0.000010 0.000010 0.049299 0.000010 0.000010 0.000010 0.000010 0.000010 0.950621
0.000010 0.000010 0.000010 0.008357 0.000010 0.000010 0.000010 0.000010 0.021928 0.969645
0.485272 0.000010 0.000010 0.000010 0.063746 0.201330 0.000010 0.122378 0.091768 0.035466
0.485018 0.000010 0.049500 0.000010 0.086650 0.148331 0.000010 0.072606 0.157855 0.000010
0.270444 0.000010 0.097137 0.005473 0.187538 0.092783 0.097907 0.138380 0.110319 0.000010
0.387918 0.000010 0.112157 0.000010 0.190790 0.085795 0.000010 0.074688 0.148614 0.000010
0.374357 0.002582 0.000010 0.027752 0.196913 0.162690 0.044134 0.000010 0.191542 0.000010
0.431327 0.000010 0.000010 0.038982 0.230370 0.050600 0.029713 0.000010 0.202087 0.016890
0.488171 0.000010 0.000010 0.000010 0.221646 0.084251 0.000010 0.000010 0.205872 0.000010
0.586048 0.000010 0.000010 0.012387 0.000010 0.054981 0.076013 0.024867 0.193698 0.051975
0.610730 0.000010 0.000010 0.026962 0.108522 0.120087 0.039957 0.000010 0.071632 0.022079
0.622515 0.000010 0.000010 0.035459 0.092322 0.083041 0.041666 0.000010 0.115116 0.009852
0.479169 0.000010 0.000010 0.000010 0.085467 0.149312 0.108300 0.029125 0.148586 0.000010
0.601868 0.000010 0.000010 0.000010 0.107952 0.154396 0.000010 0.000010 0.099540 0.036194
0.608664 0.000298 0.000010 0.000010 0.052560 0.095916 0.000010 0.095609 0.113374 0.033549
0.611611 0.000010 0.000010 0.000010 0.075529 0.082624 0.030786 0.067906 0.099581 0.031933
0.198362 0.003636 0.011458 0.001357 0.267371 0.241483 0.089605 0.000010 0.186709 0.000010
0.545889 0.000617 0.000010 0.065269 0.154171 0.166374 0.000010 0.000010 0.067640 0.000010
0.476485 0.000010 0.000010 0.000010 0.072963 0.229258 0.011563 0.046930 0.162761 0.000010
0.595506 0.000010 0.000010 0.000010 0.103485 0.104420 0.000010 0.000010 0.196529 0.000010
0.583884 0.000010 0.000010 0.000010 0.096037 0.110084 0.010170 0.000010 0.199775 0.000010
0.454346 0.001207 0.051285 0.011848 0.088501 0.150553 0.052182 0.042922 0.147147 0.000010
0.388552 0.000010 0.010855 0.036414 0.000010 0.259812 0.055932 0.099785 0.148619 0.000010
0.409680 0.000010 0.040163 0.008330 0.053422 0.242691 0.059967 0.063067 0.122660 0.000010
0.634263 0.000010 0.000010 0.008354 0.000010 0.097304 0.089400 0.000010 0.170630 0.000010
0.627877 0.000010 0.101648 0.013060 0.000013 0.000010 0.078230 0.000010 0.179133 0.000010
0.635277 0.000010 0.027437 0.042148 0.000010 0.000010 0.077608 0.000010 0.217480 0.000010
0.529157 0.000010 0.049352 0.000010 0.141451 0.101840 0.000010 0.138487 0.039674 0.000010
0.536651 0.000867 0.000010 0.041801 0.204461 0.025705 0.000010 0.034449 0.143132 0.012915
0.563521 0.001201 0.009137 0.020560 0.140273 0.086259 0.000010 0.000010 0.163481 0.015549
0.331532 0.001423 0.094018 0.033356 0.000010 0.039889 0.116998 0.124631 0.258134 0.000010
0.593194 0.003603 0.000010 0.006858 0.008182 0.000010 0.125635 0.000010 0.262487 0.000010
0.247855 0.000534 0.045966 0.024437 0.132603 0.113652 0.084830 0.135377 0.214736 0.000010
0.540739 0.000010 0.012453 0.000010 0.091421 0.141054 0.000613 0.000010 0.213680 0.000010
0.384734 0.000010 0.040951 0.000010 0.100312 0.181267 0.039477 0.073101 0.180127 0.000010
0.514388 0.000010 0.041527 0.037794 0.134462 0.048085 0.022823 0.079657 0.104709 0.016543
0.541426 0.000010 0.041972 0.000010 0.078357 0.135928 0.000010 0.000010 0.202268 0.000010
0.667685 0.000010 0.022605 0.025411 0.103342 0.000010 0.000010 0.000010 0.180907 0.000010
0.264023 0.000010 0.000010 0.058314 0.143087 0.217783 0.089565 0.173647 0.053550 0.000010
0.426479 0.004282 0.034061 0.016785 0.135709 0.160828 0.044306 0.056153 0.121387 0.000010
0.475235 0.000010 0.000010 0.000010 0.242709 0.000010 0.021247 0.096891 0.163868 0.000010
0.361843 0.000010 0.021840 0.040018 0.079285 0.180869 0.000010 0.154211 0.161904 0.000010
0.613929 0.000010 0.000010 0.024633 0.066746 0.128940 0.012843 0.000010 0.103085 0.049794
0.567907 0.000010 0.000010 0.053391 0.092288 0.087227 0.000010 0.127864 0.071283 0.000010
0.481368 0.000010 0.012187 0.037581 0.051202 0.180398 0.045620 0.104003 0.087622 0.000010
0.522499 0.000010 0.000010 0.000010 0.098241 0.184680 0.064978 0.000010 0.129553 0.000010
0.526646 0.000010 0.014611 0.047634 0.088318 0.204682 0.034870 0.000010 0.083209 0.000010
0.499258 0.000012 0.000010 0.037819 0.039841 0.180454 0.031692 0.105213 0.105692 0.000010
