0.870983 0.000010 0.128987 0.000010 0.000010
0.911700 0.000010 0.088270 0.000010 0.000010
0.884015 0.000010 0.000010 0.000010 0.115955
0.877652 0.000010 0.067549 0.000010 0.054779
0.885959 0.114011 0.000010 0.000010 0.000010
0.899829 0.000010 0.000010 0.024297 0.075854
0.902655 0.000010 0.091980 0.005345 0.000010
0.853206 0.021861 0.000010 0.050909 0.074014
0.900988 0.000014 0.098978 0.000010 0.000010
0.887832 0.000010 0.000010 0.065367 0.046782
0.001152 0.079981 0.000010 0.028337 0.890521
0.000010 0.018500 0.000010 0.000010 0.981470
0.000010 0.060714 0.045320 0.000010 0.893946
0.000976 0.016614 0.003242 0.020369 0.958799
0.000057 0.037318 0.000010 0.028422 0.934193
0.000010 0.168861 0.000010 0.002211 0.828908
0.000067 0.067333 0.000010 0.000010 0.932580
0.000010 0.000010 0.000010 0.000010 0.999960
0.001610 0.044247 0.000010 0.000010 0.954123
0.000471 0.000010 0.000010 0.000010 0.999499
0.000010 0.018056 0.000010 0.000010 0.981914
0.000010 0.035550 0.000010 0.024864 0.939566
0.000010 0.068464 0.000010 0.038547 0.892969
0.000010 0.110075 0.000010 0.000010 0.889895
0.000427 0.078617 0.000010 0.027827 0.893118
0.000111 0.073853 0.000010 0.000010 0.926016
0.000010 0.000010 0.033178 0.000010 0.966792
0.000010 0.133616 0.000010 0.000010 0.866354
0.000400 0.081274 0.000010 0.000010 0.918306
0.000010 0.000010 0.000010 0.039606 0.960364
0.000010 0.119442 0.000010 0.000010 0.880528
0.000010 0.032891 0.000010 0.000010 0.967079
0.000010 0.043076 0.000010 0.000010 0.956894
0.000010 0.000010 0.000010 0.000010 0.999960
0.000010 0.067612 0.000010 0.000010 0.932358
0.000010 0.002124 0.000010 0.012959 0.984896
0.000010 0.000010 0.000010 0.000010 0.999960
0.000644 0.005972 0.000010 0.000010 0.993363
0.000010 0.000010 0.000010 0.058768 0.941202
0.000010 0.075965 0.000010 0.008447 0.915569
0.000010 0.132925 0.000010 0.000010 0.867045
0.002222 0.041776 0.000010 0.000010 0.955982
0.000203 0.000010 0.007922 0.000010 0.991855
0.002713 0.000010 0.016274 0.017131 0.963871
0.000010 0.026362 0.000010 0.000010 0.973608
0.000418 0.102206 0.000010 0.000010 0.897356
0.001622 0.088521 0.000010 0.003275 0.906572
0.000010 0.071096 0.000010 0.000010 0.928874
0.001837 0.061994 0.000010 0.011642 0.924517
0.000010 0.118907 0.000010 0.014884 0.866189
0.000717 0.071254 0.000010 0.005750 0.922269
0.000010 0.000010 0.000010 0.000010 0.999960
0.000010 0.119573 0.000010 0.000010 0.880397
0.000010 0.099301 0.000010 0.000010 0.900669
0.000010 0.079041 0.000010 0.000010 0.920929
0.000010 0.048382 0.000010 0.035631 0.915967
0.000010 0.061023 0.000010 0.028434 0.910523
0.000010 0.058246 0.000010 0.000010 0.941724
0.003348 0.067443 0.000010 0.023446 0.905753
0.000010 0.014072 0.000010 0.000010 0.985898
0.002186 0.079239 0.010966 0.016948 0.890661
0.000010 0.086023 0.000010 0.000010 0.913947
0.002296 0.104396 0.000010 0.000010 0.893288
0.000010 0.090991 0.000010 0.005754 0.903235
0.000010 0.000010 0.000010 0.000010 0.999960
0.000459 0.076789 0.010640 0.006062 0.906051
0.000010 0.000010 0.000010 0.090684 0.909286
0.003324 0.039952 0.000010 0.140755 0.815960
0.000010 0.090700 0.001331 0.039696 0.868263
0.003259 0.000010 0.000010 0.084478 0.912243
0.003277 0.081405 0.000010 0.052833 0.862475
0.000010 0.000010 0.000010 0.078810 0.921160
0.001243 0.046920 0.000010 0.126419 0.825407
0.000010 0.026056 0.000209 0.018099 0.955626
0.000010 0.021791 0.013536 0.057981 0.906682
0.002796 0.065846 0.000010 0.088331 0.843017
0.002019 0.156091 0.000010 0.048513 0.793367
0.000010 0.084594 0.000010 0.105375 0.810012
0.006065 0.020886 0.000010 0.090626 0.882412
0.001181 0.073974 0.000010 0.155650 0.769184
0.002406 0.188326 0.000010 0.000010 0.809248
0.003033 0.036584 0.000010 0.074006 0.886367
0.000010 0.146690 0.007133 0.015465 0.830702
0.000256 0.056652 0.000015 0.000010 0.943067
0.000010 0.120512 0.000347 0.000010 0.879121
0.000010 0.033094 0.000010 0.000010 0.966876
0.000010 0.126503 0.000010 0.000010 0.873467
0.000010 0.088428 0.000010 0.000010 0.911542
0.001376 0.095859 0.000010 0.000010 0.902745
0.000010 0.055538 0.000010 0.021700 0.922742
0.000010 0.059373 0.000010 0.026557 0.914049
0.000010 0.035726 0.000010 0.000010 0.964244
0.000010 0.090665 0.000010 0.007132 0.902183
0.000010 0.098525 0.016768 0.008854 0.875844
0.000010 0.019592 0.000010 0.000010 0.980378
0.000010 0.000010 0.015206 0.000010 0.984764
0.001366 0.062554 0.019833 0.000010 0.916237
0.004453 0.113578 0.000010 0.000010 0.881949
0.000010 0.039268 0.000315 0.000010 0.960397
0.000010 0.102406 0.000010 0.008290 0.889284
0.000010 0.056766 0.000010 0.000010 0.943204
0.000010 0.030616 0.000010 0.000010 0.969354
0.000010 0.127186 0.000010 0.000010 0.872784
0.004035 0.016237 0.000010 0.000010 0.979708
0.000010 0.023107 0.000010 0.039035 0.937838
0.000010 0.117642 0.000010 0.000010 0.882328
0.000010 0.126660 0.029861 0.032019 0.811451
0.002811 0.000010 0.000010 0.000010 0.997159
0.000010 0.000010 0.000010 0.000010 0.999960
0.000010 0.000010 0.000010 0.011656 0.988314
0.000301 0.053367 0.000010 0.034606 0.911716
0.000010 0.113670 0.000010 0.003783 0.882526
0.000010 0.170362 0.000010 0.014341 0.815277
0.001436 0.048034 0.000010 0.000010 0.950511
0.000564 0.061713 0.000010 0.044275 0.893437
0.000847 0.000010 0.000010 0.095241 0.903892
0.003637 0.109178 0.000010 0.086468 0.800706
0.000010 0.000010 0.000010 0.098148 0.901822
0.000808 0.075807 0.022002 0.106281 0.795102
0.003183 0.073439 0.000010 0.095569 0.827799
0.003183 0.062902 0.000010 0.014755 0.919149
0.002166 0.033460 0.000010 0.073070 0.891294
0.000010 0.114328 0.005665 0.100050 0.779947
0.001784 0.141749 0.000010 0.060017 0.796439
0.000992 0.097064 0.000010 0.016563 0.885371
0.002632 0.086124 0.000010 0.000010 0.911224
0.001757 0.000010 0.013193 0.078331 0.906710
0.002342 0.094581 0.000010 0.060809 0.842258
0.000010 0.049294 0.000010 0.060221 0.890465
0.000128 0.000010 0.000010 0.087617 0.912236
0.003009 0.007678 0.000010 0.061162 0.928141
0.002046 0.183251 0.000010 0.061144 0.753550
0.002381 0.019627 0.000010 0.123757 0.854225
0.003175 0.000010 0.000010 0.071238 0.925567
0.000010 0.044281 0.000010 0.096168 0.859531
0.002811 0.000010 0.000065 0.127084 0.870030
0.000408 0.019682 0.000010 0.111089 0.868810
0.000978 0.005013 0.000010 0.109896 0.884103
0.000906 0.066458 0.000010 0.018253 0.914373
0.003184 0.000010 0.000010 0.083708 0.913088
0.000010 0.000010 0.000010 0.122805 0.877165
0.004374 0.009906 0.000010 0.027587 0.958123
0.003113 0.098936 0.000010 0.068421 0.829520
0.003334 0.000010 0.000010 0.145517 0.851129
0.002113 0.066474 0.000010 0.048449 0.882953
0.003490 0.057833 0.000010 0.100999 0.837667
0.004265 0.221023 0.000010 0.000010 0.774692
0.004451 0.005978 0.000010 0.168498 0.821062
0.002828 0.076047 0.000010 0.065635 0.855480
0.000010 0.057065 0.030717 0.077590 0.834618
0.001132 0.038959 0.000010 0.053935 0.905965
0.003649 0.119495 0.000010 0.068212 0.808634
0.001136 0.071214 0.000010 0.055590 0.872050
0.006718 0.064929 0.000010 0.026544 0.901800
0.000010 0.029882 0.007085 0.097387 0.865636
0.001324 0.107890 0.000010 0.074078 0.816698
0.005071 0.014625 0.000010 0.063400 0.916894
0.000754 0.061985 0.000010 0.139870 0.797381
0.000017 0.070760 0.009452 0.060788 0.858983
0.002497 0.001712 0.000010 0.076382 0.919399
0.007931 0.087225 0.000010 0.065793 0.839042
0.003085 0.066471 0.009585 0.046375 0.874484
0.002813 0.053292 0.000477 0.056371 0.887047
0.005346 0.034092 0.000010 0.120350 0.840202
0.001076 0.045274 0.000010 0.072814 0.880825
0.007070 0.028465 0.000010 0.123303 0.841153
0.003731 0.034089 0.000010 0.091935 0.870235
0.001769 0.081303 0.000010 0.000010 0.916908
0.000819 0.064300 0.000010 0.061275 0.873596
0.000949 0.012392 0.000010 0.146358 0.840290
0.000010 0.016752 0.000010 0.168741 0.814487
0.000177 0.000010 0.000010 0.067072 0.932731
0.002568 0.171841 0.000010 0.069277 0.756304
0.003218 0.000010 0.000010 0.091448 0.905314
0.000729 0.000010 0.000010 0.100586 0.898665
0.000010 0.000010 0.000010 0.089118 0.910852
0.001060 0.099857 0.000010 0.076102 0.822972
0.003807 0.102723 0.000010 0.041094 0.852367
0.000010 0.080654 0.000010 0.052834 0.866493
0.002857 0.154688 0.000010 0.061771 0.780674
0.000155 0.006451 0.000010 0.112475 0.880909
0.004009 0.014214 0.000010 0.109326 0.872441
0.000542 0.115528 0.023511 0.052725 0.807694
0.001913 0.090257 0.000010 0.107383 0.800437
0.001197 0.072138 0.000010 0.091617 0.835038
0.000010 0.056887 0.000010 0.069390 0.873703
0.003148 0.000010 0.000010 0.136583 0.860249
0.000010 0.051433 0.000010 0.083720 0.864827
0.003107 0.079296 0.000010 0.093188 0.824399
0.000010 0.091381 0.000010 0.044608 0.863991
0.001523 0.064229 0.000010 0.094132 0.840106
0.001719 0.000010 0.012505 0.090173 0.895592
0.000010 0.000010 0.000010 0.100132 0.899838
0.004247 0.057892 0.000010 0.029989 0.907862
0.003003 0.000010 0.000010 0.095968 0.901009
0.006539 0.081922 0.000010 0.049203 0.862327
0.000010 0.000010 0.000010 0.999960 0.000010
0.000010 0.000010 0.000010 0.999960 0.000010
0.000010 0.000010 0.000010 0.999960 0.000010
0.000010 0.000010 0.000010 0.999960 0.000010
0.000010 0.000010 0.006112 0.993858 0.000010
0.000010 0.000010 0.000010 0.999960 0.000010
0.000010 0.000010 0.000010 0.999960 0.000010
0.000010 0.000010 0.000010 0.999960 0.000010
0.000010 0.000010 0.000010 0.999960 0.000010
0.000010 0.005822 0.000010 0.994148 0.000010
0.000010 0.000010 0.000010 0.999960 0.000010
0.000010 0.000010 0.000010 0.999960 0.000010
0.000010 0.000010 0.000010 0.999960 0.000010
0.000010 0.000010 0.000010 0.999960 0.000010
0.000010 0.000010 0.000010 0.999960 0.000010
0.000010 0.000010 0.000010 0.999960 0.000010
0.000010 0.000010 0.000010 0.999960 0.000010
0.000010 0.000010 0.000010 0.999960 0.000010
0.000010 0.000010 0.000010 0.999960 0.000010
0.000010 0.000010 0.000010 0.999960 0.000010
0.000010 0.000010 0.000010 0.999960 0.000010
0.000010 0.009128 0.000010 0.990842 0.000010
0.000010 0.000010 0.000010 0.999960 0.000010
0.000010 0.000010 0.000010 0.999960 0.000010
0.000010 0.000010 0.000010 0.999960 0.000010
0.000010 0.000010 0.000010 0.999960 0.000010
0.000010 0.000010 0.000010 0.999960 0.000010
0.000010 0.000010 0.000010 0.999960 0.000010
0.000010 0.000010 0.000010 0.999960 0.000010
0.000010 0.000010 0.000010 0.999960 0.000010
0.000010 0.000010 0.000010 0.999960 0.000010
0.000010 0.000010 0.000010 0.999960 0.000010
0.000010 0.000010 0.000010 0.999960 0.000010
0.000010 0.000010 0.000010 0.999960 0.000010
0.000010 0.000010 0.000010 0.999960 0.000010
0.000010 0.000010 0.000010 0.999960 0.000010
0.000010 0.000010 0.004243 0.995727 0.000010
0.000010 0.000010 0.000010 0.999960 0.000010
0.000010 0.000010 0.015148 0.984822 0.000010
0.000010 0.000010 0.000010 0.999960 0.000010
0.000010 0.000010 0.000010 0.999960 0.000010
0.000010 0.000010 0.000010 0.999960 0.000010
0.000010 0.000010 0.000010 0.999960 0.000010
0.000010 0.000010 0.000010 0.999960 0.000010
0.000010 0.000010 0.000010 0.999960 0.000010
0.000010 0.000010 0.000010 0.999960 0.000010
0.000010 0.000010 0.000010 0.999960 0.000010
0.000010 0.000010 0.000010 0.999960 0.000010
0.000010 0.000010 0.000010 0.999960 0.000010
0.000010 0.000010 0.000010 0.999960 0.000010
0.000010 0.000010 0.000010 0.999960 0.000010
0.000010 0.000010 0.000010 0.999960 0.000010
0.000010 0.000010 0.000010 0.999960 0.000010
0.000010 0.000010 0.000010 0.999960 0.000010
0.000010 0.024860 0.000010 0.975110 0.000010
0.000010 0.000010 0.000010 0.999960 0.000010
0.000010 0.000010 0.000010 0.999960 0.000010
0.000010 0.000010 0.000010 0.999960 0.000010
0.000010 0.014534 0.000010 0.985436 0.000010
0.000010 0.000010 0.000010 0.999960 0.000010
0.000010 0.000010 0.000010 0.999960 0.000010
0.000010 0.000010 0.000010 0.999960 0.000010
0.000010 0.000010 0.000010 0.999960 0.000010
0.000010 0.000010 0.000010 0.999960 0.000010
0.000010 0.000010 0.000010 0.999960 0.000010
0.000010 0.000010 0.000010 0.999960 0.000010
0.000010 0.000010 0.000010 0.999960 0.000010
0.000010 0.000010 0.000010 0.999960 0.000010
0.000010 0.010854 0.091591 0.100258 0.797287
0.000010 0.010940 0.086010 0.086642 0.816398
0.000010 0.000010 0.208049 0.156707 0.635224
0.000010 0.018406 0.083148 0.125925 0.772512
0.000010 0.009318 0.152262 0.113009 0.725401
0.000010 0.000010 0.000010 0.999960 0.000010
0.000010 0.000010 0.000010 0.999960 0.000010
0.000010 0.000010 0.000010 0.999960 0.000010
0.000010 0.000010 0.000010 0.999960 0.000010
0.000010 0.000010 0.000010 0.999960 0.000010
0.000010 0.000010 0.000010 0.999960 0.000010
0.000010 0.000010 0.000010 0.999960 0.000010
0.000010 0.000010 0.000010 0.999960 0.000010
0.000010 0.000010 0.000010 0.999960 0.000010
0.000010 0.000010 0.000010 0.999960 0.000010
0.000010 0.000010 0.000010 0.999960 0.000010
0.000010 0.000010 0.000010 0.999960 0.000010
0.000010 0.015341 0.000010 0.984629 0.000010
0.000010 0.000010 0.000010 0.999960 0.000010
0.000010 0.020142 0.000010 0.979828 0.000010
0.000010 0.000010 0.000010 0.999960 0.000010
0.000010 0.000010 0.000010 0.999960 0.000010
0.000010 0.000010 0.000010 0.999960 0.000010
0.000010 0.000010 0.000010 0.999960 0.000010
0.000010 0.000010 0.009154 0.990816 0.000010
0.000010 0.000010 0.000014 0.999956 0.000010
0.000010 0.014914 0.000010 0.973205 0.011862
0.000010 0.000010 0.000010 0.999960 0.000010
0.000010 0.000010 0.000010 0.999960 0.000010
0.000010 0.000010 0.000010 0.999960 0.000010
0.000010 0.000010 0.000010 0.999960 0.000010
0.000010 0.000010 0.000010 0.999960 0.000010
0.000010 0.000010 0.000010 0.999960 0.000010
0.000010 0.000010 0.000010 0.999960 0.000010
0.000010 0.028314 0.000010 0.971656 0.000010
0.000010 0.000010 0.000010 0.999960 0.000010
0.000010 0.000010 0.000010 0.999960 0.000010
0.000010 0.000010 0.000010 0.999960 0.000010
0.000010 0.000010 0.000010 0.999960 0.000010
0.000010 0.000010 0.000010 0.999960 0.000010
0.000010 0.000010 0.000010 0.999960 0.000010
0.000010 0.014812 0.000010 0.985158 0.000010
0.000010 0.000010 0.000010 0.999960 0.000010
0.000010 0.000010 0.000010 0.999960 0.000010
0.000010 0.000010 0.000010 0.991892 0.008078
0.000010 0.000010 0.000010 0.994620 0.005350
0.000010 0.025348 0.000010 0.974622 0.000010
0.000010 0.000010 0.000010 0.999960 0.000010
0.000010 0.002078 0.000010 0.997892 0.000010
0.000010 0.000010 0.000010 0.999960 0.000010
0.000010 0.007227 0.000010 0.992743 0.000010
0.000010 0.000010 0.000010 0.999960 0.000010
0.000010 0.000010 0.000010 0.999960 0.000010
0.000010 0.000010 0.000010 0.999960 0.000010
0.000010 0.000010 0.000010 0.999960 0.000010
0.000010 0.000010 0.000010 0.999960 0.000010
0.000010 0.000010 0.000010 0.999960 0.000010
0.000010 0.000010 0.000010 0.999960 0.000010
0.000010 0.000010 0.000010 0.999960 0.000010
0.000674 0.040450 0.191050 0.138547 0.629279
0.000010 0.100562 0.231039 0.076126 0.592263
0.000010 0.091236 0.131558 0.118419 0.658777
0.000265 0.010232 0.084688 0.123818 0.780996
0.000010 0.000010 0.089910 0.143299 0.766771
0.000762 0.025451 0.067419 0.153891 0.752477
0.000010 0.000010 0.000010 0.999960 0.000010
0.000010 0.000010 0.000010 0.999960 0.000010
0.000010 0.000010 0.000010 0.999960 0.000010
0.000010 0.006989 0.000010 0.992981 0.000010
0.000010 0.022311 0.000010 0.977659 0.000010
0.000010 0.024312 0.000010 0.975658 0.000010
0.000010 0.000010 0.000010 0.999960 0.000010
0.000010 0.000010 0.000010 0.999960 0.000010
0.000010 0.000010 0.000010 0.999960 0.000010
0.000010 0.000010 0.000010 0.999960 0.000010
0.000010 0.013754 0.000010 0.986216 0.000010
0.000010 0.000010 0.000010 0.999960 0.000010
0.000010 0.000010 0.000010 0.999960 0.000010
0.000010 0.000010 0.000010 0.999960 0.000010
0.000010 0.000010 0.000010 0.999960 0.000010
0.000010 0.000010 0.000010 0.999960 0.000010
0.000010 0.000010 0.000010 0.999960 0.000010
0.000010 0.002884 0.000010 0.997086 0.000010
0.000010 0.000010 0.011087 0.988883 0.000010
0.000010 0.000010 0.000010 0.999960 0.000010
0.000010 0.000010 0.000010 0.999960 0.000010
0.000010 0.000010 0.000010 0.999960 0.000010
0.000010 0.000010 0.000010 0.999960 0.000010
0.000010 0.000010 0.000010 0.999960 0.000010
0.000010 0.000010 0.000010 0.999960 0.000010
0.000010 0.000010 0.000010 0.999960 0.000010
0.000010 0.000010 0.000010 0.999960 0.000010
0.000010 0.000015 0.000018 0.999948 0.000010
0.000010 0.000010 0.000010 0.999960 0.000010
0.000010 0.000010 0.000010 0.999960 0.000010
0.000010 0.000010 0.000010 0.999960 0.000010
0.000010 0.000010 0.000010 0.999960 0.000010
0.000010 0.000010 0.000010 0.999960 0.000010
0.000010 0.000010 0.000010 0.999960 0.000010
0.000010 0.000010 0.000010 0.999960 0.000010
0.000010 0.000010 0.000010 0.999960 0.000010
0.000010 0.000010 0.000010 0.999960 0.000010
0.000010 0.000010 0.000010 0.999960 0.000010
0.000010 0.000010 0.000010 0.999960 0.000010
0.000010 0.000010 0.000010 0.999960 0.000010
0.000010 0.000010 0.000010 0.999960 0.000010
0.000010 0.147992 0.054367 0.001849 0.795783
0.000010 0.044031 0.070908 0.069685 0.815367
0.000010 0.039423 0.058668 0.076477 0.825421
0.000010 0.000010 0.124993 0.165211 0.709776
0.000010 0.000010 0.106605 0.124373 0.769002
0.000010 0.000010 0.077460 0.093536 0.828984
0.000010 0.000010 0.144683 0.069767 0.785531
0.001555 0.000010 0.128439 0.098914 0.771082
0.000010 0.075059 0.080755 0.007628 0.836549
0.000010 0.000010 0.108623 0.101854 0.789502
0.000010 0.053697 0.078309 0.045989 0.821995
0.000010 0.057203 0.078669 0.069702 0.794417
0.000010 0.023561 0.042425 0.174750 0.759254
0.000010 0.027673 0.000010 0.972297 0.000010
0.000010 0.000010 0.020975 0.978995 0.000010
0.000010 0.000010 0.017225 0.982745 0.000010
0.000010 0.000010 0.013199 0.986771 0.000010
0.000010 0.001457 0.027699 0.970824 0.000010
0.000010 0.000010 0.007284 0.992686 0.000010
0.000010 0.000010 0.000010 0.999960 0.000010
0.000010 0.000010 0.000010 0.999960 0.000010
0.000010 0.000010 0.000010 0.999960 0.000010
0.000010 0.000010 0.000010 0.999960 0.000010
0.000010 0.000010 0.000010 0.999960 0.000010
0.000010 0.000010 0.000010 0.999960 0.000010
0.000010 0.000010 0.014299 0.985671 0.000010
0.000010 0.000010 0.000010 0.999960 0.000010
0.000010 0.000010 0.000010 0.999960 0.000010
0.000010 0.000010 0.072461 0.101083 0.826436
0.000010 0.092987 0.095010 0.062765 0.749228
0.000010 0.085273 0.279252 0.100099 0.535365
0.000010 0.122966 0.200200 0.086252 0.590572
0.002229 0.000010 0.263577 0.149488 0.584696
0.000010 0.000010 0.259643 0.219164 0.521173
0.000010 0.000010 0.223486 0.162527 0.613967
0.000134 0.000010 0.071369 0.197934 0.730553
0.000010 0.000010 0.153432 0.106171 0.740377
0.000010 0.000010 0.141869 0.126088 0.732024
0.000010 0.000010 0.189864 0.083124 0.726992
0.000010 0.000010 0.103252 0.112040 0.784688
0.000177 0.000010 0.057372 0.101194 0.841248
0.000010 0.000010 0.096165 0.104496 0.799319
0.003213 0.000733 0.365281 0.150808 0.479965
0.001370 0.025575 0.184557 0.048691 0.739807
0.000010 0.000010 0.097061 0.101259 0.801659
0.000010 0.000010 0.104063 0.120998 0.774919
0.000010 0.000010 0.107289 0.121911 0.770780
0.001515 0.062042 0.148073 0.104633 0.683737
0.000010 0.098298 0.076674 0.040438 0.784579
0.000010 0.061154 0.126392 0.067577 0.744867
0.000010 0.000010 0.093747 0.078986 0.827247
0.000177 0.052766 0.064288 0.160569 0.722200
0.000010 0.022184 0.061468 0.179305 0.737033
0.000010 0.059795 0.144987 0.024705 0.770504
0.000135 0.000010 0.204964 0.125331 0.669559
0.001492 0.003292 0.146354 0.160438 0.688425
0.002797 0.074928 0.082796 0.239666 0.599812
0.003202 0.000010 0.105850 0.229004 0.661934
0.000305 0.008546 0.208005 0.217817 0.565326
0.000010 0.003495 0.113343 0.132895 0.750257
0.000010 0.029042 0.145697 0.130965 0.694286
0.000010 0.043805 0.162416 0.106109 0.687659
0.000010 0.040779 0.084715 0.118928 0.755569
0.000010 0.007542 0.098894 0.139564 0.753990
0.000010 0.049269 0.249166 0.028180 0.673375
0.004149 0.052737 0.189209 0.077873 0.676032
0.000010 0.000010 0.262001 0.090627 0.647351
0.000010 0.057532 0.087133 0.112175 0.743150
0.000010 0.000010 0.085768 0.141024 0.773187
0.000010 0.000010 0.107797 0.061446 0.830737
0.000010 0.085147 0.101939 0.029312 0.783592
0.000010 0.000010 0.181002 0.084157 0.734821
0.000010 0.092589 0.139517 0.046103 0.721781
0.000574 0.040257 0.079543 0.083149 0.796477
0.000010 0.000010 0.163959 0.092261 0.743760
0.000010 0.000010 0.167256 0.043590 0.789134
0.000010 0.000010 0.162140 0.070680 0.767159
0.003625 0.052678 0.069418 0.059908 0.814371
0.000195 0.022369 0.130870 0.066191 0.780375
0.002571 0.080535 0.114665 0.082066 0.720164
0.000010 0.000010 0.252545 0.095953 0.651482
0.000010 0.000010 0.642012 0.080231 0.277736
0.000010 0.000010 0.455495 0.110108 0.434377
0.000010 0.000010 0.135741 0.114077 0.750162
0.000010 0.000010 0.115408 0.150227 0.734345
0.000010 0.070043 0.000010 0.052228 0.877709
0.000010 0.020681 0.000010 0.257983 0.721317
0.000010 0.015537 0.007813 0.199267 0.777374
0.002280 0.000010 0.000010 0.084010 0.913690
0.000010 0.000010 0.003752 0.259946 0.736282
0.000010 0.000010 0.112873 0.138534 0.748573
0.001197 0.163563 0.123658 0.209158 0.502424
0.000010 0.000010 0.074089 0.208059 0.717832
0.000937 0.069584 0.061453 0.261712 0.606313
0.000010 0.081717 0.052935 0.140814 0.724523
0.000401 0.000010 0.053324 0.231762 0.714503
0.000010 0.024561 0.070776 0.088672 0.815981
0.001355 0.000010 0.135848 0.162884 0.699903
0.000010 0.000010 0.087202 0.160553 0.752225
0.004264 0.000010 0.117938 0.175853 0.701936
0.000010 0.000010 0.022385 0.334817 0.642778
0.001683 0.000010 0.053028 0.281796 0.663483
0.000010 0.024016 0.216271 0.241094 0.518609
0.000010 0.004094 0.058426 0.205242 0.732228
0.000010 0.000010 0.208608 0.182348 0.609024
0.000010 0.000010 0.188064 0.261052 0.550865
0.000680 0.012716 0.021026 0.235139 0.730439
0.000010 0.000010 0.079928 0.326569 0.593483
0.000010 0.005637 0.064039 0.245717 0.684597
0.000010 0.002599 0.194031 0.184686 0.618674
0.000010 0.117296 0.071565 0.133339 0.677790
0.000010 0.022050 0.189725 0.097293 0.690922
0.000010 0.000010 0.248931 0.132307 0.618742
0.000010 0.178643 0.032088 0.000010 0.789248
0.000010 0.093377 0.140100 0.068082 0.698431
0.000885 0.063358 0.139874 0.092297 0.703587
0.000264 0.000010 0.163642 0.171581 0.664503
0.002256 0.028490 0.160596 0.109728 0.698931
0.002279 0.000010 0.103043 0.064299 0.830369
0.000010 0.000010 0.118313 0.171788 0.709879
0.000010 0.000010 0.119069 0.098898 0.782013
0.000010 0.000010 0.094254 0.059903 0.845822
0.002066 0.005011 0.061306 0.212598 0.719020
0.001374 0.000010 0.058821 0.111296 0.828499
0.000010 0.000010 0.123855 0.105589 0.770536
0.000010 0.000010 0.105493 0.173819 0.720668
0.000010 0.000010 0.089796 0.199358 0.710826
0.000010 0.000010 0.195489 0.252151 0.552340
0.001785 0.000010 0.267567 0.120791 0.609847
0.000270 0.000010 0.256247 0.188136 0.555336
0.000010 0.001223 0.138489 0.229700 0.630578
0.000010 0.000010 0.109203 0.153316 0.737461
0.000010 0.000010 0.068137 0.198725 0.733118
0.000010 0.045407 0.067457 0.089931 0.797194
0.000010 0.016746 0.186656 0.095184 0.701404
0.000010 0.048710 0.127523 0.042307 0.781450
0.000010 0.000010 0.026376 0.145569 0.828035
0.000010 0.034011 0.185122 0.042196 0.738661
0.000010 0.000010 0.140409 0.121108 0.738463
0.000010 0.000010 0.189707 0.048461 0.761812
0.000010 0.000010 0.724485 0.010640 0.264855
0.000445 0.002552 0.532825 0.017043 0.447136
0.000010 0.041788 0.631521 0.007047 0.319634
0.001084 0.000010 0.164328 0.178338 0.656241
0.000010 0.011503 0.081304 0.076971 0.830212
0.000010 0.000010 0.124153 0.135586 0.740241
0.000010 0.007403 0.129055 0.214116 0.649415
0.000010 0.000010 0.014110 0.227897 0.757972
0.000010 0.000010 0.100816 0.224945 0.674219
0.000010 0.030586 0.044557 0.144375 0.780471
0.000010 0.017459 0.171186 0.267370 0.543975
0.000010 0.000010 0.113047 0.186534 0.700399
0.000010 0.120903 0.001821 0.100826 0.776439
0.000010 0.000010 0.034211 0.254062 0.711707
0.000010 0.000010 0.000010 0.181500 0.818470
0.000010 0.159913 0.000010 0.120838 0.719229
0.000010 0.000010 0.155955 0.291888 0.552137
0.000010 0.061616 0.073617 0.205129 0.659627
0.000010 0.032019 0.035901 0.210524 0.721545
0.000010 0.108969 0.076815 0.218147 0.596058
0.000010 0.025790 0.183142 0.283023 0.508036
0.000010 0.035462 0.152062 0.233841 0.578625
0.000010 0.000010 0.022887 0.243879 0.733214
0.000010 0.090681 0.000010 0.000010 0.909289
0.001240 0.000010 0.000010 0.145442 0.853298
0.000010 0.000010 0.000010 0.352166 0.647804
0.000010 0.028307 0.009511 0.348634 0.613538
0.000010 0.000010 0.021964 0.335629 0.642388
0.000010 0.000010 0.044812 0.244770 0.710398
0.000010 0.000010 0.016682 0.215286 0.768012
0.000010 0.000010 0.103134 0.140467 0.756379
0.000010 0.097646 0.243365 0.124837 0.534142
0.001253 0.000010 0.121727 0.146184 0.730826
0.000925 0.042713 0.131736 0.133202 0.691424
0.000010 0.000010 0.157235 0.155430 0.687315
0.000010 0.074379 0.210011 0.107284 0.608316
0.000010 0.045562 0.148755 0.074164 0.731509
0.000010 0.002544 0.149285 0.071733 0.776428
0.000010 0.000010 0.148906 0.112578 0.738496
0.000637 0.066160 0.168907 0.037086 0.727209
0.000010 0.000010 0.101362 0.129717 0.768901
0.000010 0.063515 0.000010 0.000010 0.936455
0.000010 0.000010 0.000010 0.448770 0.551200
0.000010 0.045102 0.297728 0.262602 0.394558
0.000010 0.000010 0.170821 0.377898 0.451262
0.000010 0.000010 0.097922 0.286868 0.615190
0.000010 0.000010 0.048438 0.165763 0.785780
0.000010 0.000010 0.067566 0.218984 0.713430
0.000323 0.000010 0.000010 0.186865 0.812793
0.000010 0.000010 0.032945 0.348371 0.618665
0.002109 0.000010 0.000647 0.270185 0.727048
0.000151 0.022542 0.029426 0.373116 0.574764
0.000010 0.028349 0.005123 0.243598 0.722920
0.000587 0.000010 0.025499 0.329892 0.644012
0.000010 0.052383 0.021323 0.175930 0.750354
0.000010 0.000010 0.029815 0.098230 0.871935
0.000010 0.000010 0.029861 0.179595 0.790524
0.000010 0.001294 0.011495 0.277633 0.709568
0.000010 0.000010 0.021312 0.205431 0.773237
0.000010 0.000010 0.011622 0.284210 0.704149
0.000010 0.046437 0.045280 0.157203 0.751069
0.000010 0.027473 0.079883 0.245544 0.647091
0.000010 0.026475 0.064075 0.179334 0.730106
0.000010 0.143202 0.096296 0.111002 0.649489
0.000538 0.017287 0.182672 0.269129 0.530374
0.000010 0.000010 0.125275 0.278258 0.596447
0.000029 0.000010 0.096312 0.244596 0.659053
0.000010 0.000010 0.117422 0.243034 0.639525
0.000010 0.010652 0.123654 0.410958 0.454726
0.000010 0.013818 0.070580 0.303901 0.611691
0.000010 0.086761 0.000010 0.127735 0.785484
0.000010 0.000010 0.131432 0.234708 0.633839
0.000010 0.092950 0.061482 0.183809 0.661749
0.000010 0.027015 0.055993 0.256479 0.660503
0.000010 0.000010 0.048742 0.328031 0.623207
0.000010 0.000010 0.099676 0.299339 0.600965
0.000010 0.141530 0.000010 0.104112 0.754338
0.000010 0.000010 0.098814 0.201654 0.699512
0.000567 0.102251 0.060450 0.156180 0.680552
0.000010 0.000010 0.082014 0.072371 0.845595
0.001791 0.067640 0.323383 0.158792 0.448394
0.001510 0.000010 0.224221 0.111085 0.663175
0.000010 0.051869 0.194342 0.100227 0.653552
0.000010 0.000010 0.188460 0.163739 0.647781
0.000010 0.000010 0.071575 0.092335 0.836070
0.000010 0.000010 0.155678 0.094542 0.749760
0.000010 0.006742 0.224415 0.144389 0.624443
0.000010 0.000010 0.184526 0.160291 0.655163
0.000010 0.000010 0.181992 0.191467 0.626522
0.000247 0.061065 0.145474 0.125680 0.667535
0.001305 0.000010 0.077235 0.192637 0.728814
0.000112 0.000010 0.118588 0.176801 0.704490
0.000010 0.000010 0.128885 0.177717 0.693378
0.000010 0.087258 0.120700 0.205471 0.586561
0.000010 0.024448 0.051871 0.173378 0.750294
0.000010 0.096381 0.078740 0.164992 0.659878
0.000010 0.000010 0.053738 0.439972 0.506270
0.000010 0.000010 0.038436 0.129664 0.831880
0.002849 0.000010 0.000010 0.026305 0.970826
0.000103 0.000010 0.018663 0.035418 0.945806
0.000010 0.000010 0.160266 0.111084 0.728630
0.000525 0.000010 0.071241 0.341031 0.587193
0.000010 0.000010 0.000010 0.531953 0.468017
0.000383 0.000010 0.117061 0.271003 0.611543
0.000010 0.043613 0.077049 0.176451 0.702877
0.000196 0.000010 0.049831 0.251774 0.698189
0.000010 0.000010 0.079062 0.353176 0.567742
0.000010 0.000010 0.064329 0.307636 0.628015
0.000010 0.000010 0.054198 0.334829 0.610952
0.000010 0.026683 0.210684 0.328598 0.434025
0.000010 0.092287 0.312341 0.237928 0.357433
0.000010 0.026890 0.279619 0.349341 0.344141
0.000010 0.000010 0.193275 0.275079 0.531626
0.002852 0.006474 0.000010 0.219386 0.771279
0.000010 0.000010 0.101656 0.236853 0.661471
0.000010 0.000010 0.012873 0.203211 0.783896
0.000010 0.000010 0.040202 0.128475 0.831303
0.000010 0.000010 0.027597 0.106778 0.865606
0.000010 0.000010 0.376858 0.228879 0.394242
0.000010 0.000010 0.033800 0.341421 0.624759
0.000010 0.000010 0.160576 0.197492 0.641913
0.000010 0.000010 0.000010 0.078803 0.921167
0.000010 0.000010 0.069414 0.056459 0.874107
0.000010 0.005570 0.048204 0.166296 0.779921
0.000010 0.091049 0.010496 0.194858 0.703587
0.000010 0.000010 0.039020 0.146499 0.814461
0.000758 0.000010 0.068675 0.317588 0.612968
0.000861 0.000010 0.103105 0.324021 0.572004
0.001786 0.000010 0.100381 0.387775 0.510048
0.000010 0.000010 0.000010 0.440239 0.559731
0.002531 0.000010 0.027308 0.319918 0.650234
0.000010 0.000010 0.024992 0.449196 0.525792
0.001162 0.028804 0.042168 0.000010 0.927855
0.000010 0.097150 0.043270 0.000010 0.859560
0.001119 0.059078 0.058749 0.000010 0.881043
0.000010 0.018816 0.025569 0.000010 0.955595
0.000010 0.077758 0.000010 0.000010 0.922212
0.000010 0.059784 0.008146 0.000010 0.932050
0.000010 0.092160 0.000010 0.000010 0.907810
0.000010 0.136407 0.000010 0.005680 0.857894
0.000010 0.058065 0.002095 0.000010 0.939821
0.000761 0.066355 0.000010 0.000010 0.932864
0.000010 0.078985 0.000010 0.000010 0.920985
0.000010 0.104687 0.000010 0.000010 0.895283
0.000010 0.024414 0.005503 0.000010 0.970063
0.000113 0.045745 0.015300 0.008493 0.930349
0.000010 0.000010 0.000010 0.007689 0.992281
0.001995 0.000010 0.008542 0.001221 0.988232
0.000010 0.059027 0.000010 0.004363 0.936590
0.000698 0.027511 0.011683 0.006906 0.953203
0.000010 0.041459 0.023998 0.021225 0.913309
0.000010 0.010025 0.000010 0.000010 0.989945
0.000010 0.053930 0.000010 0.037863 0.908187
0.000010 0.000010 0.000010 0.000010 0.999960
0.000010 0.068208 0.000010 0.000010 0.931762
0.000010 0.016715 0.000010 0.012581 0.970683
0.000915 0.116543 0.011910 0.000010 0.870622
0.000010 0.002970 0.000010 0.031907 0.965103
0.000010 0.040742 0.000010 0.000010 0.959228
0.000010 0.000010 0.021223 0.022908 0.955849
0.000010 0.193494 0.000934 0.019024 0.786538
0.000010 0.052659 0.000010 0.059975 0.887346
0.000010 0.025430 0.017456 0.000010 0.957095
0.000334 0.088102 0.026119 0.000010 0.885435
0.000010 0.030598 0.000010 0.020743 0.948639
0.000337 0.003215 0.040129 0.005769 0.950550
0.000010 0.000010 0.000010 0.006520 0.993450
0.000010 0.000010 0.005093 0.000010 0.994877
0.000010 0.016478 0.000010 0.226823 0.756679
0.000010 0.003923 0.401611 0.231159 0.363297
0.000010 0.045880 0.183948 0.203152 0.567011
0.000134 0.022800 0.189223 0.307420 0.480423
0.000010 0.000010 0.007317 0.622776 0.369887
0.000010 0.000010 0.018513 0.434738 0.546730
0.000010 0.000010 0.000010 0.586537 0.413433
0.000010 0.000010 0.038221 0.559638 0.402121
0.000010 0.000010 0.000010 0.848160 0.151810
0.000010 0.000010 0.034241 0.698108 0.267631
0.000010 0.000010 0.077780 0.404840 0.517359
0.000010 0.000010 0.021755 0.548323 0.429902
0.000010 0.000010 0.033723 0.449806 0.516451
0.000010 0.784931 0.003169 0.032773 0.179117
0.000010 0.745223 0.009457 0.025917 0.219393
0.000010 0.818819 0.000010 0.031702 0.149459
0.000010 0.839791 0.013589 0.024325 0.122285
0.000010 0.034457 0.000010 0.965513 0.000010
0.000010 0.019082 0.000010 0.980888 0.000010
0.000010 0.073433 0.000010 0.926537 0.000010
0.000010 0.000010 0.000010 0.999960 0.000010
0.000010 0.016486 0.000010 0.983484 0.000010
0.000010 0.000010 0.009962 0.990008 0.000010
0.001035 0.000010 0.034234 0.000010 0.964711
0.000010 0.049437 0.006228 0.007481 0.936844
0.000878 0.049010 0.059817 0.000010 0.890285
0.000010 0.069815 0.000010 0.000010 0.930155
0.000010 0.072583 0.000010 0.000010 0.927387
0.000010 0.023436 0.000010 0.018407 0.958137
0.000661 0.065303 0.035211 0.041098 0.857727
0.000010 0.000010 0.020382 0.000010 0.979588
0.000010 0.088026 0.017318 0.023524 0.871123
0.000010 0.127750 0.047060 0.000010 0.825170
0.000010 0.072633 0.062997 0.000010 0.864350
0.000010 0.056660 0.046383 0.000482 0.896466
0.000010 0.091002 0.011262 0.004406 0.893320
0.000010 0.089147 0.014216 0.000010 0.896617
0.000010 0.104364 0.019588 0.000010 0.876028
0.000253 0.033037 0.000010 0.037561 0.929139
0.000010 0.000010 0.000010 0.022246 0.977724
0.000010 0.068950 0.064541 0.009528 0.856971
0.000010 0.033915 0.000010 0.000010 0.966055
0.000010 0.088071 0.000010 0.031234 0.880675
0.000010 0.010448 0.000010 0.000010 0.989522
0.001103 0.000010 0.009675 0.000010 0.989202
0.000010 0.000010 0.024827 0.000010 0.975143
0.001109 0.057827 0.015725 0.025761 0.899578
0.000010 0.067643 0.013913 0.000010 0.918424
0.000010 0.000010 0.063572 0.000010 0.936398
0.000010 0.051596 0.031913 0.000010 0.916471
0.000010 0.106622 0.055562 0.000010 0.837796
0.000010 0.061439 0.012008 0.000010 0.926534
0.000010 0.038565 0.064305 0.000010 0.897109
0.000010 0.183968 0.000010 0.000010 0.816002
0.000010 0.065766 0.029738 0.009188 0.895298
0.000010 0.189979 0.000010 0.000010 0.809991
0.000010 0.068569 0.014940 0.012853 0.903628
0.000010 0.000010 0.009297 0.059411 0.931272
0.000628 0.041826 0.036383 0.000010 0.921154
0.000010 0.101300 0.000010 0.000010 0.898670
0.000010 0.056339 0.000010 0.000010 0.943631
0.000010 0.002313 0.000010 0.000010 0.997657
0.000010 0.076349 0.012428 0.000010 0.911204
0.000010 0.083332 0.018437 0.000010 0.898211
0.000010 0.047660 0.001330 0.000010 0.950990
0.000010 0.034615 0.028327 0.000010 0.937038
0.000010 0.034861 0.003598 0.000010 0.961521
0.000010 0.042295 0.015905 0.000010 0.941780
0.000010 0.052435 0.067446 0.000010 0.880099
0.000010 0.072076 0.000010 0.000010 0.927894
0.000010 0.076393 0.023663 0.000010 0.899924
0.001362 0.075610 0.017965 0.000010 0.905053
0.000010 0.140253 0.000010 0.009354 0.850373
0.000010 0.164303 0.000010 0.000631 0.835046
0.000010 0.054119 0.000010 0.000010 0.945851
0.000010 0.066021 0.021917 0.000010 0.912042
0.000010 0.044071 0.000010 0.002174 0.953735
0.000010 0.000010 0.058518 0.035089 0.906373
0.000010 0.009797 0.047213 0.045117 0.897863
0.000010 0.011829 0.037406 0.026758 0.923997
0.000010 0.008447 0.032469 0.045614 0.913460
0.000010 0.028516 0.015243 0.000010 0.956221
0.000010 0.092104 0.045108 0.000010 0.862768
0.000010 0.000010 0.000010 0.014247 0.985723
0.000010 0.056544 0.000010 0.000010 0.943426
0.000010 0.077821 0.000010 0.000010 0.922149
0.000010 0.052671 0.000010 0.000010 0.947299
0.000010 0.073411 0.014521 0.000010 0.912048
0.000010 0.041100 0.000010 0.000010 0.958870
0.000010 0.016954 0.024083 0.037170 0.921783
0.001948 0.032287 0.039113 0.045537 0.881115
0.000010 0.073041 0.006173 0.009025 0.911751
0.000010 0.029530 0.014054 0.014367 0.942039
0.000010 0.122982 0.063959 0.000010 0.813040
0.000010 0.103328 0.023856 0.000010 0.872796
0.000010 0.079377 0.000010 0.000010 0.920593
0.000010 0.027334 0.000010 0.000010 0.972636
0.000010 0.062588 0.000010 0.000010 0.937382
0.000010 0.000010 0.073527 0.004997 0.921457
0.000010 0.000010 0.052975 0.007799 0.939206
0.000010 0.000010 0.043130 0.000010 0.956840
0.000010 0.092795 0.000010 0.010215 0.896970
0.000010 0.032781 0.000010 0.000010 0.967189
0.000010 0.067115 0.000010 0.000010 0.932855
0.000010 0.000010 0.050843 0.000010 0.949127
0.000649 0.127710 0.032838 0.000010 0.838793
0.000010 0.046969 0.065769 0.000010 0.887242
0.000010 0.118636 0.000010 0.000010 0.881334
0.000010 0.000010 0.045533 0.009471 0.944976
0.000010 0.000010 0.000010 0.018762 0.981208
0.001179 0.000010 0.009551 0.030675 0.958586
0.000010 0.000010 0.000010 0.007265 0.992705
0.000010 0.000010 0.000010 0.000010 0.999960
0.000010 0.070644 0.023916 0.000010 0.905420
0.000010 0.055763 0.020295 0.000010 0.923923
0.000010 0.079401 0.000010 0.000010 0.920569
0.000010 0.083432 0.007783 0.000010 0.908765
0.000010 0.044618 0.000010 0.003788 0.951575
0.000010 0.000010 0.033857 0.000010 0.966113
0.000010 0.044927 0.026444 0.000010 0.928609
0.000010 0.000010 0.061243 0.000010 0.938727
0.000010 0.028403 0.050491 0.003888 0.917208
0.000010 0.019889 0.046426 0.001196 0.932479
0.000010 0.149141 0.023256 0.000010 0.827583
0.000010 0.043373 0.000010 0.060662 0.895945
0.000010 0.015826 0.026624 0.023542 0.933998
0.000010 0.150804 0.003714 0.000010 0.845462
0.000010 0.050775 0.014140 0.000010 0.935064
0.000010 0.000010 0.000010 0.999960 0.000010
0.000010 0.000010 0.000010 0.999960 0.000010
0.000010 0.000010 0.000010 0.999960 0.000010
0.000010 0.052117 0.013620 0.934243 0.000010
0.000010 0.009435 0.000010 0.990535 0.000010
0.000010 0.000010 0.000010 0.999960 0.000010
0.000010 0.000010 0.000010 0.999960 0.000010
0.000010 0.000010 0.021544 0.978426 0.000010
0.000010 0.000010 0.008481 0.991489 0.000010
0.000010 0.000010 0.000010 0.999960 0.000010
0.000010 0.000010 0.000010 0.999960 0.000010
0.000010 0.000010 0.000010 0.999960 0.000010
0.000010 0.000010 0.000010 0.999960 0.000010
0.000010 0.000010 0.000010 0.999960 0.000010
0.000010 0.000010 0.000010 0.999960 0.000010
0.000010 0.006743 0.000010 0.993227 0.000010
0.000010 0.000010 0.000011 0.999959 0.000010
0.000010 0.000010 0.002591 0.997379 0.000010
0.000010 0.000010 0.000010 0.999960 0.000010
0.000010 0.000010 0.000010 0.999960 0.000010
0.000010 0.000010 0.000010 0.999960 0.000010
0.000010 0.000010 0.015441 0.984529 0.000010
0.000010 0.024525 0.010437 0.965018 0.000010
0.000010 0.019464 0.000010 0.980506 0.000010
0.000010 0.023642 0.014282 0.962056 0.000010
0.000010 0.000010 0.000010 0.999960 0.000010
0.000010 0.018803 0.013329 0.967848 0.000010
0.000010 0.019140 0.000010 0.980830 0.000010
0.000010 0.049141 0.000010 0.950829 0.000010
0.000010 0.039888 0.005787 0.954304 0.000010
0.000010 0.000010 0.000010 0.999960 0.000010
0.000010 0.053034 0.000010 0.946936 0.000010
0.000010 0.046752 0.000010 0.953218 0.000010
0.000010 0.000010 0.025387 0.974583 0.000010
0.000010 0.000010 0.014976 0.984994 0.000010
0.000010 0.054025 0.025885 0.920071 0.000010
0.000010 0.016048 0.000010 0.983922 0.000010
0.000010 0.000010 0.012660 0.987310 0.000010
0.000010 0.000010 0.011943 0.988027 0.000010
0.000010 0.000010 0.007240 0.992730 0.000010
0.000010 0.003381 0.037145 0.959453 0.000010
0.000010 0.013291 0.031828 0.954860 0.000010
0.000010 0.021955 0.000010 0.978015 0.000010
0.000010 0.000010 0.000010 0.999960 0.000010
0.000010 0.019789 0.000010 0.980181 0.000010
0.000010 0.048923 0.000010 0.951047 0.000010
0.000010 0.000010 0.000010 0.999960 0.000010
0.000010 0.000010 0.013275 0.986695 0.000010
0.000010 0.091920 0.000010 0.908050 0.000010
0.000010 0.003147 0.000010 0.996823 0.000010
0.000010 0.035281 0.000010 0.964689 0.000010
0.000010 0.051441 0.000010 0.948529 0.000010
0.000010 0.000010 0.009546 0.990424 0.000010
0.000010 0.000010 0.013547 0.986423 0.000010
0.000010 0.000010 0.000010 0.999960 0.000010
0.000010 0.000010 0.017113 0.982857 0.000010
0.002726 0.030508 0.789299 0.060719 0.116748
0.000010 0.304272 0.545574 0.080510 0.069634
0.001769 0.163791 0.690321 0.049238 0.094881
0.000010 0.022382 0.945342 0.000010 0.032256
0.000010 0.000010 0.851654 0.000010 0.148316
0.000010 0.064993 0.931663 0.000010 0.003324
0.000010 0.023257 0.940651 0.000010 0.036072
0.000010 0.016874 0.897769 0.002579 0.082769
0.000010 0.028967 0.886508 0.002792 0.081723
0.000010 0.079073 0.863383 0.000010 0.057524
0.000010 0.000010 0.999960 0.000010 0.000010
0.000010 0.000010 0.882545 0.000010 0.117425
0.000010 0.000010 0.955457 0.000010 0.044513
0.000010 0.000010 0.070048 0.614394 0.315538
0.000026 0.022758 0.128130 0.447100 0.401985
0.000010 0.022312 0.913109 0.000010 0.064559
0.000010 0.029577 0.932010 0.000010 0.038394
0.000010 0.062580 0.915581 0.021819 0.000010
0.000010 0.095048 0.874871 0.030060 0.000010
0.000010 0.009029 0.143843 0.495744 0.351375
0.000010 0.014581 0.936374 0.000010 0.049025
0.000010 0.050057 0.860512 0.000010 0.089411
0.000010 0.000010 0.950566 0.000010 0.049404
0.000660 0.021772 0.936753 0.000010 0.040805
0.000010 0.000010 0.000010 0.669143 0.330827
0.000010 0.000010 0.033250 0.595682 0.371049
