0.000010 0.000010 0.000010 0.859927 0.000010 0.000010 0.140013 0.000010
0.069667 0.000010 0.000010 0.898867 0.000010 0.000010 0.031416 0.000010
0.000010 0.117207 0.000866 0.873004 0.000010 0.008884 0.000010 0.000010
0.010019 0.000010 0.000010 0.866148 0.000010 0.086525 0.037268 0.000010
0.000010 0.000010 0.000010 0.872475 0.000010 0.127465 0.000010 0.000010
0.000010 0.066488 0.000010 0.888732 0.044730 0.000010 0.000010 0.000010
0.000010 0.000010 0.000010 0.890395 0.016167 0.000010 0.000010 0.093388
0.000010 0.042428 0.000010 0.841488 0.000010 0.116034 0.000010 0.000010
0.000010 0.000010 0.000010 0.889754 0.000010 0.000010 0.000010 0.110186
0.000010 0.009975 0.000010 0.876683 0.070761 0.042540 0.000010 0.000010
0.009861 0.885642 0.065540 0.000675 0.030239 0.000010 0.000010 0.008023
0.012735 0.963354 0.000010 0.000010 0.000010 0.023292 0.000010 0.000579
0.000010 0.908063 0.000010 0.000010 0.000010 0.026911 0.032720 0.032266
0.037473 0.944435 0.000010 0.000253 0.000010 0.011239 0.000010 0.006570
0.037367 0.911679 0.050904 0.000010 0.000010 0.000010 0.000010 0.000010
0.015674 0.821459 0.117915 0.000010 0.000010 0.044912 0.000010 0.000010
0.005976 0.929500 0.012267 0.000010 0.000010 0.052218 0.000010 0.000010
0.009544 0.982994 0.000010 0.000010 0.000010 0.007412 0.000010 0.000010
0.028673 0.927882 0.042282 0.001123 0.000010 0.000010 0.000010 0.000010
0.000010 0.999930 0.000010 0.000010 0.000010 0.000010 0.000010 0.000010
0.000010 0.982734 0.000010 0.000010 0.000010 0.017206 0.000010 0.000010
0.066912 0.904828 0.028209 0.000010 0.000010 0.000010 0.000010 0.000010
0.033472 0.869824 0.000010 0.000010 0.000010 0.096654 0.000010 0.000010
0.017158 0.885787 0.074369 0.000010 0.000010 0.022647 0.000010 0.000010
0.067549 0.849139 0.082885 0.000387 0.000010 0.000010 0.000010 0.000010
0.024460 0.905517 0.030192 0.000019 0.000010 0.031772 0.000010 0.008020
0.000010 0.949015 0.000010 0.000010 0.000010 0.032644 0.018291 0.000010
0.000010 0.870344 0.129596 0.000010 0.000010 0.000010 0.000010 0.000010
0.003349 0.902922 0.062504 0.000010 0.000010 0.022269 0.000010 0.008926
0.058508 0.910307 0.000010 0.000010 0.008734 0.014426 0.000010 0.007995
0.003337 0.887119 0.092257 0.000010 0.017246 0.000010 0.000010 0.000010
0.000010 0.957562 0.000010 0.000010 0.000010 0.042378 0.000010 0.000010
0.003605 0.945590 0.031999 0.000010 0.000010 0.017440 0.000010 0.001335
0.022196 0.963721 0.000010 0.000010 0.000010 0.012152 0.000010 0.001891
0.000010 0.915597 0.057586 0.000010 0.000010 0.026767 0.000010 0.000010
0.014887 0.969165 0.000010 0.000010 0.014033 0.000010 0.000010 0.001875
0.000010 0.993737 0.000010 0.000010 0.000010 0.006203 0.000010 0.000010
0.000010 0.946105 0.000010 0.000010 0.000010 0.041691 0.000010 0.012155
0.052524 0.903182 0.000010 0.000010 0.042476 0.000010 0.000010 0.001778
0.000010 0.931352 0.020422 0.000010 0.030342 0.017844 0.000010 0.000010
0.014557 0.866484 0.087903 0.000010 0.000010 0.031017 0.000010 0.000010
0.000010 0.967078 0.007991 0.001808 0.000010 0.021731 0.000010 0.001362
0.000010 0.950675 0.000010 0.000010 0.000010 0.026272 0.000010 0.023003
0.006034 0.944517 0.000010 0.001877 0.000387 0.030118 0.017048 0.000010
0.033013 0.950659 0.001803 0.000010 0.000010 0.014485 0.000010 0.000010
0.009944 0.892019 0.079168 0.001115 0.000010 0.016388 0.001345 0.000010
0.000518 0.904004 0.056597 0.001305 0.005479 0.032077 0.000010 0.000010
0.011368 0.933175 0.000010 0.000010 0.011921 0.043495 0.000010 0.000010
0.013569 0.905988 0.028058 0.000934 0.000010 0.051421 0.000010 0.000010
0.072122 0.832718 0.086132 0.000010 0.000010 0.008988 0.000010 0.000010
0.015888 0.924126 0.031368 0.000010 0.000010 0.025075 0.000010 0.003512
0.000010 0.982499 0.000010 0.000010 0.000010 0.017441 0.000010 0.000010
0.021322 0.852366 0.109750 0.000010 0.000010 0.008361 0.000010 0.008171
0.029170 0.875213 0.074679 0.000010 0.000010 0.020899 0.000010 0.000010
0.000177 0.917766 0.051474 0.000010 0.000010 0.030542 0.000010 0.000010
0.012187 0.900953 0.000010 0.000010 0.010870 0.063919 0.000010 0.012041
0.000010 0.912887 0.010013 0.000010 0.031275 0.045785 0.000010 0.000010
0.000010 0.937984 0.061956 0.000010 0.000010 0.000010 0.000010 0.000010
0.044658 0.889672 0.057350 0.003130 0.000010 0.005160 0.000010 0.000010
0.000010 0.974325 0.000010 0.000010 0.000010 0.025615 0.000010 0.000010
0.051818 0.852172 0.072933 0.002033 0.000010 0.000010 0.000010 0.021013
0.015364 0.908425 0.050895 0.000010 0.000010 0.025276 0.000010 0.000010
0.000010 0.866026 0.069565 0.001441 0.000010 0.010885 0.000010 0.052054
0.009789 0.887599 0.078822 0.000010 0.011188 0.012572 0.000010 0.000010
0.000604 0.985960 0.000010 0.000010 0.000010 0.000010 0.000010 0.013386
0.007284 0.890947 0.051645 0.000396 0.005610 0.020377 0.000010 0.023731
0.043841 0.879359 0.000010 0.000010 0.054698 0.022062 0.000010 0.000010
0.059047 0.793495 0.030579 0.002693 0.106934 0.007232 0.000010 0.000010
0.075317 0.827311 0.069878 0.000010 0.000010 0.026258 0.000010 0.001206
0.049846 0.885856 0.000010 0.002691 0.047973 0.013604 0.000010 0.000010
0.011588 0.871285 0.013755 0.002638 0.032809 0.067905 0.000010 0.000010
0.000010 0.914087 0.000010 0.000010 0.085853 0.000010 0.000010 0.000010
0.018573 0.825787 0.016197 0.000930 0.114784 0.023710 0.000010 0.000010
0.055179 0.893403 0.000010 0.000010 0.000010 0.035481 0.000010 0.015897
0.024747 0.863560 0.000010 0.000010 0.041908 0.000010 0.000010 0.069745
0.082245 0.805044 0.060997 0.002340 0.041854 0.007501 0.000010 0.000010
0.000010 0.811470 0.102036 0.000806 0.068129 0.017529 0.000010 0.000010
0.076813 0.773715 0.042507 0.000010 0.017316 0.089619 0.000010 0.000010
0.091527 0.834789 0.008922 0.005676 0.009092 0.049974 0.000010 0.000010
0.125649 0.725003 0.074336 0.001244 0.066966 0.006782 0.000010 0.000010
0.000010 0.818702 0.145331 0.001462 0.010985 0.023490 0.000010 0.000010
0.009901 0.882986 0.000010 0.002017 0.059434 0.045631 0.000010 0.000010
0.000010 0.828526 0.137200 0.000010 0.014405 0.014007 0.005831 0.000010
0.005584 0.943234 0.022325 0.000010 0.000010 0.028817 0.000010 0.000010
0.021809 0.852624 0.102073 0.000010 0.000010 0.018399 0.005065 0.000010
0.018529 0.954333 0.000010 0.000010 0.000010 0.027088 0.000010 0.000010
0.000010 0.857314 0.131290 0.000010 0.000010 0.011346 0.000010 0.000010
0.013490 0.896583 0.049922 0.000010 0.000010 0.039966 0.000010 0.000010
0.012091 0.908026 0.029883 0.000469 0.000010 0.049500 0.000010 0.000010
0.043656 0.902956 0.009339 0.000010 0.000010 0.044009 0.000010 0.000010
0.030415 0.877657 0.068597 0.000010 0.000010 0.003187 0.000010 0.020115
0.016645 0.936907 0.003354 0.000010 0.000010 0.020117 0.000010 0.022947
0.010343 0.900871 0.073030 0.000010 0.015716 0.000010 0.000010 0.000010
0.000010 0.865785 0.063195 0.000010 0.002945 0.044855 0.022935 0.000265
0.064489 0.935451 0.000010 0.000010 0.000010 0.000010 0.000010 0.000010
0.000010 0.961486 0.000010 0.000010 0.000010 0.015709 0.000010 0.022755
0.010617 0.903364 0.050487 0.000985 0.000307 0.006170 0.023477 0.004593
0.029874 0.865772 0.096831 0.003775 0.000010 0.003718 0.000010 0.000010
0.017981 0.951537 0.022129 0.000010 0.000010 0.000010 0.008312 0.000010
0.032398 0.866502 0.094795 0.000010 0.000010 0.006265 0.000010 0.000010
0.005697 0.938693 0.040574 0.000010 0.000010 0.011717 0.000010 0.003290
0.036446 0.926463 0.007914 0.000010 0.000010 0.000010 0.000010 0.029136
0.018911 0.864873 0.095251 0.000088 0.000010 0.020841 0.000010 0.000016
0.016854 0.964767 0.000010 0.002705 0.000010 0.015634 0.000010 0.000010
0.062093 0.895338 0.012171 0.000010 0.000010 0.030358 0.000010 0.000010
0.001310 0.888133 0.106529 0.000010 0.003988 0.000010 0.000010 0.000010
0.000010 0.819158 0.088155 0.000010 0.054154 0.000010 0.001756 0.036747
0.024239 0.969961 0.000010 0.002106 0.000010 0.003655 0.000010 0.000010
0.000010 0.983059 0.000010 0.000010 0.000010 0.016881 0.000010 0.000010
0.039778 0.941222 0.000010 0.000010 0.000010 0.018950 0.000010 0.000010
0.003882 0.906325 0.023930 0.000010 0.025983 0.039850 0.000010 0.000010
0.007046 0.876409 0.084586 0.000010 0.005507 0.024220 0.000010 0.002211
0.056589 0.778243 0.165117 0.000010 0.000010 0.000010 0.000010 0.000010
0.031519 0.920394 0.018320 0.001410 0.000010 0.000010 0.000010 0.028327
0.034471 0.876477 0.054296 0.000010 0.034709 0.000017 0.000010 0.000010
0.112633 0.843050 0.000010 0.000780 0.010704 0.032802 0.000010 0.000010
0.060528 0.774478 0.111399 0.002981 0.050585 0.000010 0.000010 0.000010
0.130919 0.822970 0.000010 0.000010 0.000010 0.046061 0.000010 0.000010
0.026600 0.783952 0.029633 0.000967 0.079343 0.055022 0.001537 0.022948
0.035694 0.822789 0.035851 0.002138 0.071269 0.032238 0.000010 0.000010
0.044770 0.886452 0.040521 0.002438 0.001601 0.024198 0.000010 0.000010
0.079520 0.862457 0.034658 0.001166 0.000073 0.022105 0.000010 0.000010
0.059524 0.753744 0.103928 0.000010 0.067642 0.000010 0.000010 0.015131
0.041753 0.784479 0.108443 0.001105 0.022123 0.042077 0.000010 0.000010
0.083101 0.842290 0.049064 0.000504 0.000010 0.025011 0.000010 0.000010
0.012157 0.917538 0.020980 0.002213 0.000010 0.047082 0.000010 0.000010
0.024069 0.887972 0.000010 0.000818 0.062910 0.004711 0.000010 0.019500
0.029762 0.837572 0.028604 0.001877 0.029525 0.072640 0.000010 0.000010
0.015720 0.879380 0.036454 0.000010 0.042492 0.025925 0.000010 0.000010
0.087963 0.874290 0.000010 0.000287 0.037420 0.000010 0.000010 0.000010
0.063371 0.890709 0.000010 0.002770 0.017784 0.025336 0.000010 0.000010
0.057136 0.732584 0.170261 0.001229 0.035819 0.002950 0.000010 0.000010
0.004716 0.849521 0.000010 0.001145 0.110489 0.034099 0.000010 0.000010
0.042574 0.879003 0.000010 0.003013 0.035321 0.040060 0.000010 0.000010
0.075171 0.830865 0.016279 0.000010 0.033504 0.044151 0.000010 0.000010
0.057101 0.820752 0.000010 0.002747 0.047932 0.071438 0.000010 0.000010
0.036316 0.842830 0.000010 0.000065 0.066566 0.054193 0.000010 0.000010
0.037516 0.848630 0.000010 0.000167 0.032841 0.080816 0.000010 0.000010
0.071043 0.866805 0.048720 0.000458 0.000010 0.012629 0.000010 0.000325
0.073870 0.870521 0.000010 0.002605 0.027844 0.025130 0.000010 0.000010
0.010394 0.861289 0.000010 0.000010 0.105013 0.023264 0.000010 0.000010
0.001795 0.945494 0.000010 0.003557 0.029243 0.019880 0.000010 0.000010
0.035148 0.824753 0.067774 0.002269 0.053296 0.016740 0.000010 0.000010
0.038622 0.838447 0.000010 0.002362 0.120528 0.000010 0.000010 0.000010
0.006907 0.890090 0.008701 0.001608 0.030882 0.061793 0.000010 0.000010
0.067883 0.799528 0.045986 0.003394 0.063949 0.019240 0.000010 0.000010
0.054230 0.742393 0.181764 0.003978 0.000010 0.017605 0.000010 0.000010
0.010038 0.817697 0.000010 0.003636 0.168589 0.000010 0.000010 0.000010
0.000010 0.881759 0.030115 0.002371 0.085715 0.000010 0.000010 0.000010
0.000010 0.830587 0.027784 0.000010 0.079358 0.032177 0.030064 0.000010
0.009257 0.911194 0.000445 0.000232 0.073928 0.004924 0.000010 0.000010
0.029393 0.810983 0.071909 0.003095 0.023994 0.060607 0.000010 0.000010
0.030849 0.860192 0.036559 0.000661 0.024840 0.046880 0.000010 0.000010
0.068180 0.871589 0.000010 0.005917 0.000010 0.054275 0.000010 0.000010
0.048009 0.831687 0.000010 0.000010 0.038100 0.073681 0.000010 0.008493
0.035688 0.804128 0.082031 0.000638 0.050564 0.026930 0.000010 0.000010
0.015435 0.914577 0.000010 0.004046 0.060630 0.000010 0.000010 0.005283
0.091534 0.762060 0.044382 0.000854 0.075989 0.025160 0.000010 0.000010
0.042195 0.834497 0.063642 0.000010 0.022005 0.010723 0.000010 0.026918
0.034790 0.893632 0.000010 0.002358 0.041245 0.027944 0.000010 0.000010
0.072914 0.808254 0.052534 0.007158 0.000010 0.055086 0.004034 0.000010
0.000010 0.892193 0.000010 0.002232 0.049440 0.039659 0.000010 0.016446
0.017968 0.854168 0.000010 0.002168 0.000010 0.121808 0.003858 0.000010
0.055265 0.827411 0.007330 0.004552 0.073914 0.031509 0.000010 0.000010
0.005130 0.875429 0.022024 0.000010 0.085223 0.012163 0.000010 0.000010
0.000010 0.847493 0.000010 0.005972 0.132012 0.014482 0.000010 0.000010
0.042076 0.856692 0.017579 0.002790 0.078207 0.002636 0.000010 0.000010
0.000950 0.911001 0.049184 0.000626 0.000010 0.038208 0.000010 0.000010
0.027664 0.866150 0.041644 0.000020 0.046751 0.017751 0.000010 0.000010
0.029860 0.810390 0.000010 0.000574 0.105489 0.053658 0.000010 0.000010
0.063137 0.790972 0.002100 0.000010 0.123297 0.020464 0.000010 0.000010
0.015091 0.915674 0.000010 0.000010 0.042115 0.027079 0.000010 0.000010
0.000010 0.774385 0.069769 0.001579 0.058432 0.086679 0.000010 0.009137
0.087832 0.862226 0.000010 0.002903 0.027862 0.015245 0.000010 0.003913
0.012164 0.865467 0.000010 0.000573 0.067781 0.053984 0.000010 0.000010
0.086470 0.880319 0.000010 0.000010 0.033161 0.000010 0.000010 0.000010
0.000010 0.837031 0.049005 0.000010 0.061913 0.052011 0.000010 0.000010
0.027327 0.848249 0.060982 0.002893 0.020492 0.036453 0.000010 0.003594
0.000010 0.875095 0.059463 0.000010 0.065392 0.000010 0.000010 0.000010
0.044370 0.765818 0.124726 0.002245 0.031194 0.031626 0.000010 0.000010
0.051476 0.851453 0.000010 0.000010 0.084209 0.012822 0.000010 0.000010
0.058394 0.848437 0.000083 0.003512 0.081618 0.007935 0.000010 0.000010
0.000010 0.809539 0.039096 0.000010 0.040586 0.081001 0.029748 0.000010
0.034038 0.792678 0.068947 0.001110 0.100330 0.002877 0.000010 0.000010
0.066696 0.818026 0.041885 0.000554 0.035547 0.037272 0.000010 0.000010
0.000010 0.875008 0.037362 0.000010 0.087575 0.000016 0.000010 0.000010
0.043685 0.825813 0.000010 0.002426 0.090370 0.037675 0.000010 0.000010
0.000010 0.857800 0.001715 0.000010 0.063795 0.076650 0.000010 0.000010
0.060826 0.799167 0.029694 0.002949 0.037093 0.070250 0.000010 0.000010
0.000010 0.866665 0.060555 0.000010 0.065020 0.007721 0.000010 0.000010
0.039517 0.839722 0.015231 0.000122 0.039104 0.058517 0.000010 0.007778
0.058119 0.869450 0.000010 0.001274 0.053210 0.002098 0.015830 0.000010
0.035426 0.880244 0.000010 0.000010 0.084281 0.000010 0.000010 0.000010
0.013111 0.906465 0.037137 0.003558 0.029511 0.010199 0.000010 0.000010
0.046859 0.864934 0.000010 0.002551 0.058808 0.026819 0.000010 0.000010
0.000010 0.875793 0.027344 0.005334 0.048840 0.042660 0.000010 0.000010
0.000010 0.000010 0.000010 0.000010 0.996427 0.003513 0.000010 0.000010
0.000010 0.000010 0.000010 0.000010 0.952233 0.047707 0.000010 0.000010
0.000010 0.000010 0.000010 0.000010 0.966973 0.032967 0.000010 0.000010
0.000010 0.000010 0.000010 0.000010 0.951597 0.048343 0.000010 0.000010
0.000010 0.000010 0.000010 0.000010 0.935575 0.060471 0.000010 0.003904
0.000010 0.000010 0.000010 0.000010 0.964275 0.032694 0.000010 0.002981
0.000010 0.000010 0.000010 0.000010 0.999930 0.000010 0.000010 0.000010
0.000010 0.000010 0.000010 0.000010 0.980576 0.019364 0.000010 0.000010
0.000010 0.000010 0.000010 0.000010 0.986784 0.013156 0.000010 0.000010
0.003203 0.000010 0.000010 0.000010 0.957151 0.039596 0.000010 0.000010
0.000010 0.000010 0.000010 0.000010 0.984523 0.015417 0.000010 0.000010
0.000010 0.000010 0.000010 0.000010 0.989873 0.010067 0.000010 0.000010
0.000010 0.000010 0.000010 0.000010 0.999930 0.000010 0.000010 0.000010
0.000010 0.000010 0.000010 0.000010 0.999930 0.000010 0.000010 0.000010
0.000010 0.000010 0.000010 0.000010 0.980978 0.018962 0.000010 0.000010
0.000010 0.000010 0.000010 0.000010 0.967819 0.032121 0.000010 0.000010
0.000010 0.000010 0.000010 0.000010 0.963711 0.036229 0.000010 0.000010
0.000010 0.000010 0.000010 0.000010 0.997765 0.000010 0.000010 0.002175
0.023511 0.000010 0.000010 0.000010 0.960221 0.016218 0.000010 0.000010
0.000010 0.000010 0.000010 0.000010 0.995292 0.004648 0.000010 0.000010
0.000010 0.000010 0.000010 0.000010 0.999930 0.000010 0.000010 0.000010
0.000010 0.000010 0.000010 0.000010 0.995030 0.004910 0.000010 0.000010
0.000010 0.000010 0.000010 0.000010 0.999930 0.000010 0.000010 0.000010
0.036903 0.000010 0.000010 0.000010 0.963037 0.000010 0.000010 0.000010
0.000010 0.000010 0.000010 0.000010 0.999930 0.000010 0.000010 0.000010
0.021202 0.000010 0.000010 0.000010 0.978738 0.000010 0.000010 0.000010
0.000010 0.000010 0.000010 0.000010 0.967045 0.032895 0.000010 0.000010
0.000010 0.000010 0.000010 0.000010 0.999930 0.000010 0.000010 0.000010
0.000010 0.000010 0.000010 0.000010 0.998488 0.001452 0.000010 0.000010
0.000010 0.000010 0.000010 0.000010 0.999930 0.000010 0.000010 0.000010
0.000010 0.000010 0.000010 0.000010 0.975872 0.024068 0.000010 0.000010
0.000010 0.000010 0.000010 0.000010 0.999930 0.000010 0.000010 0.000010
0.003870 0.000010 0.000010 0.000010 0.996070 0.000010 0.000010 0.000010
0.000010 0.000010 0.000010 0.000010 0.962620 0.037320 0.000010 0.000010
0.000010 0.000010 0.000010 0.000010 0.978444 0.021496 0.000010 0.000010
0.000010 0.000010 0.000010 0.000010 0.999929 0.000011 0.000010 0.000010
0.000010 0.000010 0.000010 0.000010 0.987594 0.000010 0.012346 0.000010
0.000010 0.000010 0.000010 0.000010 0.995626 0.004314 0.000010 0.000010
0.000010 0.000010 0.000010 0.000010 0.975369 0.000010 0.024571 0.000010
0.000010 0.000010 0.000010 0.000010 0.977258 0.022682 0.000010 0.000010
0.000010 0.000010 0.000010 0.000010 0.999930 0.000010 0.000010 0.000010
0.000010 0.000010 0.000010 0.000010 0.999930 0.000010 0.000010 0.000010
0.000010 0.000010 0.000010 0.000010 0.987881 0.012058 0.000010 0.000010
0.000010 0.000010 0.000010 0.000010 0.993336 0.006604 0.000010 0.000010
0.000010 0.000010 0.000010 0.000010 0.999930 0.000010 0.000010 0.000010
0.022231 0.000010 0.000010 0.000010 0.977709 0.000010 0.000010 0.000010
0.003757 0.000010 0.000010 0.000010 0.996183 0.000010 0.000010 0.000010
0.000010 0.000010 0.000010 0.000010 0.962417 0.034517 0.000010 0.003016
0.000010 0.000010 0.000012 0.000010 0.998427 0.001511 0.000010 0.000010
0.000010 0.000010 0.000010 0.000010 0.987355 0.012585 0.000010 0.000010
0.000010 0.000010 0.000010 0.000010 0.991598 0.008342 0.000010 0.000010
0.000010 0.000010 0.000010 0.000010 0.999930 0.000010 0.000010 0.000010
0.000010 0.000010 0.000010 0.000010 0.987798 0.007172 0.000010 0.004980
0.000010 0.000010 0.000010 0.000010 0.949431 0.050509 0.000010 0.000010
0.000010 0.000010 0.028130 0.000010 0.945264 0.026556 0.000010 0.000010
0.016231 0.000010 0.000010 0.000010 0.983709 0.000010 0.000010 0.000010
0.000010 0.000010 0.000010 0.000010 0.982236 0.017704 0.000010 0.000010
0.000010 0.000010 0.000010 0.000010 0.967667 0.032273 0.000010 0.000010
0.000010 0.000010 0.000010 0.000010 0.960353 0.039587 0.000010 0.000010
0.000010 0.000010 0.000010 0.000010 0.959722 0.040218 0.000010 0.000010
0.001573 0.000010 0.000010 0.000010 0.998367 0.000010 0.000010 0.000010
0.000010 0.000010 0.000010 0.000010 0.969449 0.030491 0.000010 0.000010
0.000010 0.000010 0.000010 0.000010 0.976263 0.023677 0.000010 0.000010
0.000010 0.000010 0.000010 0.000010 0.996453 0.003487 0.000010 0.000010
0.000010 0.000010 0.000010 0.000010 0.991421 0.008519 0.000010 0.000010
0.000010 0.000010 0.000010 0.000010 0.990685 0.009255 0.000010 0.000010
0.000010 0.000010 0.000010 0.000010 0.976701 0.023239 0.000010 0.000010
0.000010 0.000010 0.000010 0.000010 0.968734 0.031206 0.000010 0.000010
0.116306 0.722651 0.000010 0.000010 0.000010 0.067199 0.000010 0.093804
0.100973 0.750640 0.032768 0.000010 0.008585 0.012059 0.050115 0.044850
0.150165 0.586150 0.014915 0.000010 0.026906 0.000010 0.221834 0.000010
0.151447 0.700688 0.043287 0.000010 0.000010 0.018185 0.007734 0.078639
0.156202 0.652010 0.014739 0.000010 0.000010 0.010626 0.113222 0.053180
0.000010 0.000010 0.000010 0.000010 0.991276 0.008664 0.000010 0.000010
0.000010 0.000010 0.000010 0.000010 0.960897 0.039043 0.000010 0.000010
0.000010 0.000010 0.000010 0.000010 0.999930 0.000010 0.000010 0.000010
0.000010 0.000010 0.000010 0.000010 0.999930 0.000010 0.000010 0.000010
0.000010 0.000010 0.000010 0.000010 0.959803 0.040137 0.000010 0.000010
0.000010 0.000010 0.000010 0.000010 0.993703 0.006237 0.000010 0.000010
0.000010 0.000010 0.000010 0.000010 0.999930 0.000010 0.000010 0.000010
0.000010 0.000010 0.000010 0.000010 0.980762 0.000010 0.000010 0.019178
0.007001 0.000010 0.000010 0.000010 0.992939 0.000010 0.000010 0.000010
0.000010 0.000010 0.000010 0.000010 0.985840 0.014100 0.000010 0.000010
0.000010 0.000010 0.000010 0.000010 0.953082 0.037478 0.009391 0.000010
0.000010 0.000010 0.000010 0.000010 0.961808 0.038132 0.000010 0.000010
0.000010 0.000010 0.000010 0.000010 0.950191 0.049749 0.000010 0.000010
0.000010 0.000010 0.000010 0.000010 0.973256 0.026684 0.000010 0.000010
0.000010 0.000010 0.000010 0.000010 0.959882 0.040058 0.000010 0.000010
0.000010 0.000010 0.000010 0.000010 0.956325 0.043615 0.000010 0.000010
0.000010 0.000010 0.000010 0.000010 0.971810 0.028130 0.000010 0.000010
0.000010 0.000010 0.000010 0.000010 0.961526 0.038414 0.000010 0.000010
0.000010 0.000010 0.000010 0.000010 0.999930 0.000010 0.000010 0.000010
0.000010 0.000010 0.000010 0.000010 0.991110 0.000010 0.008830 0.000010
0.000010 0.000010 0.000010 0.000010 0.999930 0.000010 0.000010 0.000010
0.000010 0.012909 0.009881 0.000010 0.977159 0.000010 0.000010 0.000010
0.003252 0.000010 0.000010 0.000010 0.982048 0.014650 0.000010 0.000010
0.000010 0.000010 0.000010 0.000010 0.976611 0.023329 0.000010 0.000010
0.000010 0.000010 0.000010 0.000010 0.991161 0.000010 0.000010 0.008779
0.011313 0.000010 0.000010 0.000010 0.988627 0.000010 0.000010 0.000010
0.000010 0.000010 0.000010 0.000010 0.999930 0.000010 0.000010 0.000010
0.000010 0.000011 0.000010 0.000010 0.995407 0.004533 0.000010 0.000010
0.020971 0.000010 0.000010 0.000010 0.978969 0.000010 0.000010 0.000010
0.000010 0.000010 0.000559 0.000010 0.943082 0.056309 0.000010 0.000010
0.000010 0.000010 0.000010 0.000010 0.999930 0.000010 0.000010 0.000010
0.000010 0.000010 0.000010 0.000010 0.961713 0.038227 0.000010 0.000010
0.000010 0.000010 0.000010 0.000010 0.979879 0.020061 0.000010 0.000010
0.000010 0.000010 0.000010 0.000010 0.999930 0.000010 0.000010 0.000010
0.000010 0.000010 0.000010 0.000010 0.999930 0.000010 0.000010 0.000010
0.000010 0.000010 0.000010 0.000010 0.950328 0.049612 0.000010 0.000010
0.000010 0.000010 0.000010 0.000010 0.990894 0.000010 0.000010 0.009046
0.000010 0.000010 0.000010 0.000010 0.987613 0.012327 0.000010 0.000010
0.006832 0.000010 0.000010 0.000010 0.993108 0.000010 0.000010 0.000010
0.000010 0.007992 0.000010 0.000010 0.935093 0.056865 0.000010 0.000010
0.000010 0.005583 0.000010 0.000010 0.985687 0.008681 0.000010 0.000010
0.000010 0.000010 0.020554 0.000010 0.979386 0.000010 0.000010 0.000010
0.000010 0.000010 0.000010 0.000010 0.967543 0.032397 0.000010 0.000010
0.000010 0.000010 0.000010 0.000010 0.919973 0.079967 0.000010 0.000010
0.000010 0.000010 0.000010 0.000010 0.977817 0.022123 0.000010 0.000010
0.000010 0.000010 0.000010 0.000010 0.919051 0.080889 0.000010 0.000010
0.000010 0.000010 0.000010 0.000010 0.964946 0.034994 0.000010 0.000010
0.019972 0.000010 0.000010 0.000010 0.956631 0.023348 0.000010 0.000010
0.000010 0.000010 0.000010 0.000010 0.978089 0.021851 0.000010 0.000010
0.000010 0.000010 0.000010 0.000010 0.999930 0.000010 0.000010 0.000010
0.017318 0.000010 0.000010 0.000010 0.959439 0.023193 0.000010 0.000010
0.000010 0.000010 0.000010 0.000010 0.962219 0.029129 0.000010 0.008601
0.000010 0.000010 0.000010 0.000010 0.969927 0.030013 0.000010 0.000010
0.013768 0.000010 0.000015 0.000010 0.933487 0.052690 0.000010 0.000010
0.148765 0.573375 0.026637 0.000639 0.007922 0.041369 0.114909 0.086383
0.138485 0.528236 0.064715 0.000010 0.000010 0.048342 0.220192 0.000010
0.140421 0.606057 0.046614 0.000010 0.000010 0.073690 0.084222 0.048976
0.169767 0.709044 0.000183 0.000045 0.000010 0.011843 0.000010 0.109098
0.190894 0.711042 0.000010 0.000010 0.000010 0.000010 0.089172 0.008853
0.204341 0.667735 0.037670 0.000707 0.006052 0.000010 0.019531 0.063955
0.000010 0.000010 0.000010 0.000010 0.959426 0.040514 0.000010 0.000010
0.000010 0.000010 0.000010 0.000010 0.975884 0.024056 0.000010 0.000010
0.000010 0.000010 0.000010 0.000010 0.951569 0.048371 0.000010 0.000010
0.000010 0.000010 0.003100 0.000010 0.983859 0.000010 0.004616 0.008385
0.000010 0.000010 0.005143 0.000010 0.945693 0.042313 0.000010 0.006811
0.000010 0.000010 0.000010 0.000010 0.958235 0.023816 0.000010 0.017899
0.000010 0.000010 0.000010 0.000010 0.993399 0.006541 0.000010 0.000010
0.029294 0.000010 0.000010 0.000010 0.970646 0.000010 0.000010 0.000010
0.000010 0.000010 0.000010 0.000010 0.996755 0.003185 0.000010 0.000010
0.000010 0.000010 0.000010 0.000010 0.958173 0.041767 0.000010 0.000010
0.000010 0.000010 0.006618 0.000010 0.958147 0.035185 0.000010 0.000010
0.000010 0.000010 0.000010 0.000010 0.987327 0.012613 0.000010 0.000010
0.000010 0.000010 0.000010 0.000010 0.976809 0.023131 0.000010 0.000010
0.000010 0.000010 0.000010 0.000010 0.978939 0.021001 0.000010 0.000010
0.000010 0.000010 0.000010 0.000010 0.978907 0.021033 0.000010 0.000010
0.000010 0.000010 0.000010 0.000010 0.976586 0.023354 0.000010 0.000010
0.000010 0.000010 0.000010 0.000010 0.999930 0.000010 0.000010 0.000010
0.000010 0.000010 0.003097 0.000010 0.996843 0.000010 0.000010 0.000010
0.000010 0.000010 0.000010 0.000010 0.989392 0.000010 0.000010 0.010548
0.000010 0.000010 0.000010 0.000010 0.999930 0.000010 0.000010 0.000010
0.015287 0.000010 0.000010 0.000010 0.984653 0.000010 0.000010 0.000010
0.009608 0.000010 0.000010 0.000010 0.972978 0.017364 0.000010 0.000010
0.000010 0.000010 0.000010 0.000010 0.995011 0.004929 0.000010 0.000010
0.000010 0.000010 0.000010 0.000010 0.976954 0.022986 0.000010 0.000010
0.011389 0.000010 0.000010 0.000010 0.980209 0.008353 0.000010 0.000010
0.000010 0.000010 0.000010 0.000010 0.999930 0.000010 0.000010 0.000010
0.000010 0.000010 0.000010 0.000010 0.999930 0.000010 0.000010 0.000010
0.000010 0.000010 0.000010 0.000010 0.994714 0.005226 0.000010 0.000010
0.000010 0.000010 0.000010 0.000010 0.999616 0.000324 0.000010 0.000010
0.000010 0.000010 0.000010 0.000010 0.951556 0.048384 0.000010 0.000010
0.000010 0.000010 0.000010 0.000010 0.999930 0.000010 0.000010 0.000010
0.000010 0.000010 0.000010 0.000010 0.963481 0.036459 0.000010 0.000010
0.004134 0.000010 0.000010 0.000010 0.995806 0.000010 0.000010 0.000010
0.000010 0.000010 0.000010 0.000010 0.991588 0.008352 0.000010 0.000010
0.000010 0.000010 0.000010 0.000010 0.999930 0.000010 0.000010 0.000010
0.000010 0.000010 0.000010 0.000010 0.988193 0.011747 0.000010 0.000010
0.007677 0.000010 0.000010 0.000010 0.975077 0.017196 0.000010 0.000010
0.000010 0.000010 0.000010 0.000010 0.993448 0.006492 0.000010 0.000010
0.000010 0.000010 0.000010 0.000010 0.999930 0.000010 0.000010 0.000010
0.000010 0.000010 0.000010 0.000010 0.933656 0.066284 0.000010 0.000010
0.000010 0.000010 0.000010 0.000010 0.998378 0.000010 0.000010 0.001562
0.075695 0.750445 0.111791 0.000010 0.000010 0.000010 0.027759 0.034280
0.138429 0.733341 0.055539 0.000011 0.000010 0.000010 0.017488 0.055172
0.095163 0.779118 0.043711 0.000010 0.018290 0.000010 0.028092 0.035606
0.233637 0.637327 0.000010 0.000010 0.000010 0.000010 0.123061 0.005935
0.156341 0.713785 0.000010 0.000010 0.014748 0.000010 0.084714 0.030382
0.055305 0.780602 0.000010 0.000010 0.014271 0.084905 0.064887 0.000010
0.119912 0.724243 0.000010 0.000010 0.000010 0.000010 0.087152 0.068653
0.119705 0.709608 0.000010 0.001244 0.000010 0.051513 0.102027 0.015883
0.072290 0.801413 0.025594 0.000010 0.000010 0.020946 0.079726 0.000010
0.168186 0.711470 0.000010 0.000010 0.000010 0.000010 0.010368 0.109935
0.129884 0.759316 0.009277 0.000010 0.000010 0.014071 0.003903 0.083528
0.113419 0.707321 0.085851 0.000010 0.000014 0.000010 0.043149 0.050226
0.195009 0.680160 0.039664 0.000010 0.011038 0.009828 0.000010 0.064281
0.000010 0.000010 0.010501 0.000010 0.964607 0.024842 0.000010 0.000010
0.000010 0.000010 0.000010 0.000010 0.894552 0.091984 0.013414 0.000010
0.000010 0.000010 0.000010 0.000010 0.951102 0.032418 0.016431 0.000010
0.000010 0.000010 0.000010 0.000010 0.969658 0.016249 0.014042 0.000010
0.000010 0.000010 0.000010 0.000010 0.936687 0.039241 0.000010 0.024022
0.000010 0.000010 0.000010 0.000010 0.999930 0.000010 0.000010 0.000010
0.024008 0.000010 0.000010 0.000010 0.933713 0.042187 0.000010 0.000052
0.000010 0.000010 0.000010 0.000010 0.999930 0.000010 0.000010 0.000010
0.000010 0.000010 0.000010 0.000010 0.982780 0.000010 0.000010 0.017160
0.000010 0.000010 0.000010 0.000010 0.959444 0.040496 0.000010 0.000010
0.000010 0.000010 0.000010 0.000010 0.961084 0.038856 0.000010 0.000010
0.000010 0.000010 0.000010 0.000010 0.949080 0.050860 0.000010 0.000010
0.000010 0.000010 0.000010 0.000010 0.939575 0.047620 0.000010 0.012756
0.000010 0.000010 0.000010 0.000010 0.950058 0.049882 0.000010 0.000010
0.021619 0.000010 0.000010 0.000010 0.969236 0.009095 0.000010 0.000010
0.086442 0.790760 0.000010 0.000010 0.043840 0.000010 0.078918 0.000010
0.154128 0.670041 0.077264 0.000010 0.000010 0.002666 0.095871 0.000010
0.112722 0.485231 0.097880 0.000010 0.000010 0.011858 0.202819 0.089469
0.152003 0.525750 0.116520 0.000010 0.000010 0.000010 0.183423 0.022274
0.195064 0.504681 0.000010 0.002335 0.000010 0.028410 0.180031 0.089459
0.200631 0.468707 0.002641 0.000010 0.016155 0.041239 0.245059 0.025557
0.211901 0.552532 0.000010 0.000010 0.000010 0.000010 0.230956 0.004571
0.191935 0.667860 0.000010 0.000010 0.040109 0.013190 0.000010 0.086875
0.071595 0.704138 0.000010 0.000010 0.036108 0.023901 0.108878 0.055359
0.123929 0.685003 0.000834 0.000010 0.003269 0.036802 0.090259 0.059895
0.151758 0.639132 0.000010 0.000010 0.000010 0.000010 0.105068 0.104003
0.097360 0.748188 0.000010 0.000010 0.040461 0.000010 0.113952 0.000010
0.117246 0.788835 0.000010 0.000432 0.034118 0.000010 0.059339 0.000010
0.102055 0.752466 0.000010 0.000010 0.029999 0.000010 0.074069 0.041380
0.183058 0.386600 0.040627 0.003572 0.000010 0.007506 0.277179 0.101448
0.065358 0.695242 0.000010 0.000916 0.000010 0.067755 0.170700 0.000010
0.164054 0.729846 0.000010 0.000010 0.000010 0.000010 0.082928 0.023133
0.198994 0.689028 0.000010 0.000010 0.000010 0.000010 0.111928 0.000010
0.198452 0.686187 0.000010 0.000010 0.000010 0.000010 0.099835 0.015485
0.148522 0.618153 0.066035 0.001285 0.000010 0.011837 0.096240 0.057917
0.144803 0.704683 0.049418 0.000010 0.000010 0.030430 0.001809 0.068838
0.122114 0.672217 0.066183 0.000010 0.000010 0.005485 0.071720 0.062262
0.167432 0.719338 0.000010 0.000010 0.000010 0.008734 0.000010 0.104455
0.170655 0.653819 0.070206 0.000010 0.004219 0.019758 0.001141 0.080192
0.213552 0.647992 0.013868 0.000010 0.000010 0.047305 0.000010 0.077252
0.045920 0.749223 0.053862 0.000010 0.000010 0.000010 0.150808 0.000158
0.138659 0.601946 0.000010 0.000010 0.011826 0.041457 0.206082 0.000010
0.159187 0.636210 0.014747 0.001709 0.025031 0.012913 0.150193 0.000010
0.266150 0.486429 0.089574 0.001911 0.000010 0.037324 0.000010 0.118591
0.263908 0.586790 0.000010 0.003588 0.000010 0.001415 0.024021 0.120258
0.218220 0.469138 0.063094 0.000699 0.000010 0.024907 0.145882 0.078050
0.214260 0.663164 0.010456 0.000010 0.000010 0.000010 0.090794 0.021297
0.178719 0.604137 0.063946 0.000010 0.000010 0.000010 0.110114 0.043055
0.099384 0.644895 0.023379 0.000010 0.022909 0.041999 0.125897 0.041528
0.200639 0.662999 0.056331 0.000010 0.000010 0.000010 0.079991 0.000010
0.185514 0.674633 0.002705 0.000010 0.000010 0.034991 0.078122 0.024014
0.057087 0.630722 0.000010 0.000010 0.000010 0.061115 0.150975 0.100071
0.115425 0.612629 0.052943 0.004075 0.000010 0.019195 0.134707 0.061015
0.167965 0.564691 0.000010 0.000010 0.000010 0.000010 0.238917 0.028387
0.163453 0.678338 0.030890 0.000010 0.000010 0.042644 0.084646 0.000010
0.098012 0.736708 0.000010 0.000010 0.045076 0.025626 0.070323 0.024235
0.067926 0.781450 0.000010 0.000010 0.000010 0.054156 0.096427 0.000010
0.085718 0.734316 0.036915 0.000018 0.000010 0.037767 0.051416 0.053839
0.130491 0.678684 0.000013 0.000010 0.000010 0.000010 0.099925 0.090857
0.077328 0.686435 0.047812 0.000010 0.000010 0.045599 0.090554 0.052252
0.105831 0.759245 0.008367 0.000148 0.000010 0.042570 0.065282 0.018547
0.146362 0.668988 0.000010 0.000010 0.000010 0.023919 0.160691 0.000010
0.090837 0.718073 0.000010 0.000010 0.000010 0.000010 0.075045 0.116005
0.098771 0.717970 0.000010 0.000010 0.000754 0.000010 0.132714 0.049761
0.115840 0.752792 0.039315 0.003489 0.000010 0.004911 0.000010 0.083633
0.073351 0.750012 0.018183 0.000010 0.000010 0.023477 0.018212 0.116744
0.107032 0.667706 0.073080 0.001923 0.000010 0.028835 0.000010 0.121403
0.098973 0.599715 0.000010 0.000010 0.012201 0.020792 0.168161 0.100137
0.099908 0.250530 0.000010 0.000010 0.000010 0.000010 0.649512 0.000010
0.114898 0.392357 0.000010 0.000010 0.010908 0.027768 0.454039 0.000010
0.169206 0.665215 0.000010 0.000010 0.015790 0.010588 0.125976 0.013205
0.176471 0.668269 0.000010 0.000010 0.000010 0.035723 0.075891 0.043617
0.064909 0.843413 0.020469 0.000010 0.000010 0.057803 0.000010 0.013376
0.271726 0.623465 0.061957 0.000010 0.000010 0.000044 0.000010 0.042778
0.209930 0.674983 0.032661 0.000010 0.000010 0.035159 0.000010 0.047237
0.144063 0.837119 0.000010 0.001659 0.000010 0.017120 0.000010 0.000010
0.380087 0.575255 0.000010 0.000010 0.000010 0.044608 0.000010 0.000010
0.260056 0.619670 0.000010 0.000010 0.000010 0.000010 0.016449 0.103784
0.290586 0.386398 0.188462 0.001362 0.000010 0.000010 0.120811 0.012362
0.278671 0.599887 0.000010 0.000010 0.000010 0.031277 0.044576 0.045559
0.325708 0.487712 0.091614 0.000763 0.000010 0.013662 0.043685 0.036847
0.216773 0.634991 0.042055 0.000010 0.000010 0.040217 0.028525 0.037419
0.280306 0.638924 0.000010 0.000010 0.014792 0.000010 0.019391 0.046557
0.090991 0.781708 0.000010 0.000010 0.000010 0.056564 0.019897 0.050810
0.216191 0.629535 0.000010 0.000606 0.000010 0.000010 0.092980 0.060658
0.183051 0.693830 0.000010 0.000010 0.019441 0.000010 0.054934 0.048714
0.252869 0.612878 0.000010 0.003976 0.000010 0.000010 0.116657 0.013590
0.309423 0.564666 0.000010 0.000010 0.074502 0.023126 0.028252 0.000010
0.295421 0.575883 0.000010 0.001015 0.039647 0.017138 0.064712 0.006174
0.314665 0.405531 0.062403 0.000010 0.000010 0.000010 0.147087 0.070284
0.246351 0.604439 0.041888 0.000010 0.004013 0.024102 0.020795 0.058403
0.247846 0.513877 0.022645 0.000010 0.000010 0.000010 0.143073 0.072529
0.355380 0.427733 0.000010 0.000010 0.000010 0.017928 0.176496 0.022432
0.239931 0.650725 0.040977 0.000642 0.022829 0.024264 0.020621 0.000010
0.388838 0.488982 0.000010 0.000010 0.000010 0.012019 0.007531 0.102601
0.276942 0.585853 0.036809 0.000010 0.000010 0.021584 0.056517 0.022275
0.160492 0.531547 0.035340 0.000053 0.038984 0.031470 0.106138 0.095975
0.217508 0.565943 0.120686 0.000010 0.000010 0.002446 0.028965 0.064433
0.147592 0.619167 0.016706 0.000010 0.000010 0.027282 0.126952 0.062281
0.123279 0.557786 0.000010 0.000010 0.000010 0.061334 0.188874 0.068697
0.040132 0.763599 0.131507 0.000010 0.000010 0.000010 0.000010 0.064722
0.053721 0.682601 0.064111 0.000010 0.021586 0.039349 0.138613 0.000010
0.153321 0.624093 0.030356 0.000881 0.000010 0.039033 0.012121 0.140186
0.189559 0.593532 0.016701 0.001310 0.015429 0.000010 0.104935 0.078523
0.189527 0.596586 0.042236 0.002614 0.000010 0.000010 0.102086 0.066931
0.073933 0.783248 0.000010 0.002070 0.005087 0.034072 0.097614 0.003967
0.121295 0.659204 0.000010 0.000010 0.011596 0.089656 0.118219 0.000010
0.117830 0.724821 0.000010 0.000010 0.009015 0.023515 0.124789 0.000010
0.106811 0.774322 0.000010 0.000010 0.000010 0.028986 0.089842 0.000010
0.246074 0.613782 0.032908 0.002410 0.010546 0.024060 0.026117 0.044102
0.124358 0.771673 0.000010 0.001316 0.000010 0.044507 0.058115 0.000010
0.144210 0.695599 0.000010 0.000010 0.000010 0.037259 0.104738 0.018164
0.234714 0.640989 0.000010 0.000010 0.000010 0.013481 0.067583 0.043204
0.220613 0.636546 0.000010 0.000010 0.000010 0.049600 0.093202 0.000010
0.322894 0.466798 0.000010 0.000010 0.000010 0.000010 0.170273 0.039995
0.189595 0.532627 0.000010 0.002053 0.000010 0.000010 0.169404 0.106291
0.249463 0.468764 0.014145 0.000343 0.000010 0.000010 0.221745 0.045520
0.251371 0.553521 0.015176 0.000010 0.002159 0.021394 0.059938 0.096431
0.209493 0.639218 0.000010 0.000010 0.000010 0.041941 0.063698 0.045620
0.240781 0.647592 0.005636 0.000010 0.012587 0.000010 0.000010 0.093374
0.106881 0.745256 0.050426 0.000010 0.009296 0.000010 0.019070 0.069051
0.136000 0.628573 0.010488 0.000010 0.000010 0.029093 0.068810 0.127016
0.061844 0.746566 0.037310 0.000010 0.000010 0.000010 0.034774 0.119475
0.087206 0.788988 0.000010 0.000010 0.042995 0.056984 0.000010 0.023796
0.057869 0.701038 0.041359 0.000010 0.004999 0.000010 0.144897 0.049817
0.144617 0.671158 0.000010 0.000010 0.000010 0.017889 0.046773 0.119533
0.068429 0.711307 0.000010 0.000010 0.000010 0.013107 0.106080 0.101047
0.049216 0.226788 0.000010 0.000010 0.000010 0.000010 0.636785 0.087171
0.051173 0.419571 0.000010 0.000340 0.000010 0.000010 0.486795 0.042091
0.042357 0.290386 0.028719 0.000010 0.000010 0.000010 0.493199 0.145310
0.217833 0.600819 0.000010 0.000991 0.000010 0.010165 0.161722 0.008450
0.071833 0.777938 0.000010 0.000010 0.000010 0.039843 0.000010 0.110345
0.190088 0.672085 0.000010 0.000010 0.000010 0.004465 0.122101 0.011231
0.270718 0.536812 0.000010 0.000010 0.000010 0.060341 0.044006 0.088093
0.292731 0.629594 0.072709 0.000010 0.000010 0.000010 0.004926 0.000010
0.302124 0.567635 0.000010 0.000010 0.000010 0.029548 0.054151 0.046511
0.181925 0.705036 0.035214 0.000010 0.000010 0.019343 0.031711 0.026750
0.224731 0.455751 0.057543 0.000010 0.066864 0.000010 0.106102 0.088988
0.226465 0.595942 0.038615 0.000010 0.004383 0.000010 0.093870 0.040704
0.133275 0.715569 0.015693 0.000010 0.000010 0.081346 0.000010 0.054087
0.290687 0.616094 0.000010 0.000010 0.021483 0.017309 0.032533 0.021875
0.198516 0.727967 0.000010 0.000010 0.013321 0.023549 0.000010 0.036617
0.121072 0.664950 0.130295 0.000010 0.000010 0.067534 0.000010 0.016118
0.386085 0.415873 0.000010 0.000010 0.000010 0.045266 0.106826 0.045920
0.279189 0.548495 0.059046 0.000010 0.000010 0.048546 0.064693 0.000010
0.261355 0.603707 0.034240 0.000010 0.000010 0.053748 0.003959 0.042971
0.263924 0.487485 0.111867 0.000010 0.000010 0.043820 0.013913 0.078970
0.313997 0.405645 0.063929 0.000010 0.000010 0.021711 0.169406 0.025292
0.308180 0.475949 0.050827 0.000010 0.000010 0.000010 0.122864 0.042149
0.343929 0.611545 0.011898 0.000010 0.000010 0.000010 0.019151 0.013447
0.058257 0.859932 0.055288 0.000010 0.000010 0.000010 0.000010 0.026483
0.229091 0.726733 0.000010 0.000077 0.000010 0.000010 0.000010 0.044059
0.353406 0.538484 0.000010 0.000010 0.038628 0.035792 0.000010 0.033660
0.417685 0.476741 0.082005 0.000010 0.000010 0.000010 0.000010 0.023529
0.380997 0.523011 0.045174 0.000010 0.011916 0.000010 0.038872 0.000010
0.320966 0.592467 0.000010 0.000010 0.000010 0.000010 0.000010 0.086518
0.227839 0.691564 0.000010 0.000010 0.039494 0.000010 0.000010 0.041063
0.208761 0.669320 0.000010 0.000010 0.006175 0.000010 0.105871 0.009843
0.170019 0.464006 0.100937 0.000010 0.004593 0.010401 0.250024 0.000010
0.204890 0.662167 0.000010 0.000010 0.000010 0.000010 0.097565 0.035338
0.211332 0.602039 0.005112 0.001457 0.000010 0.047190 0.101185 0.031674
0.150076 0.635216 0.000010 0.000010 0.000010 0.059117 0.093770 0.061792
0.155872 0.536161 0.066636 0.000010 0.000010 0.023012 0.164799 0.053500
0.082554 0.679644 0.061698 0.000010 0.000010 0.009724 0.110163 0.056197
0.101313 0.718630 0.000010 0.000010 0.000010 0.027192 0.135655 0.017180
0.170785 0.670501 0.000010 0.000010 0.000010 0.000010 0.139057 0.019616
0.079760 0.681924 0.036395 0.000010 0.000010 0.031392 0.170498 0.000010
0.173249 0.700395 0.000010 0.000010 0.000010 0.011169 0.059660 0.055497
0.041756 0.911801 0.030465 0.000010 0.000010 0.015938 0.000010 0.000010
0.525495 0.397667 0.014075 0.000010 0.000010 0.051553 0.011180 0.000010
0.237870 0.309829 0.096124 0.000010 0.030928 0.020376 0.304852 0.000010
0.424180 0.340177 0.021488 0.000010 0.021608 0.005357 0.187171 0.000010
