0.069540 0.161888 0.768572
0.062516 0.163874 0.773610
0.067268 0.158490 0.774242
0.060435 0.149546 0.790020
0.073957 0.134460 0.791583
0.064429 0.162675 0.772895
0.072523 0.164745 0.762731
0.065247 0.149120 0.785632
0.063211 0.170274 0.766516
0.071173 0.146352 0.782475
0.052203 0.000010 0.947787
0.000010 0.000010 0.999980
0.014921 0.050429 0.934650
0.035928 0.003988 0.960084
0.035195 0.000010 0.964795
0.079535 0.000010 0.920455
0.000010 0.000010 0.999980
0.000010 0.000010 0.999980
0.017189 0.000010 0.982801
0.000010 0.000010 0.999980
0.000010 0.000010 0.999980
0.047876 0.000010 0.952114
0.074152 0.000010 0.925838
0.017418 0.000010 0.982572
0.066246 0.000010 0.933744
0.018547 0.000010 0.981443
0.000010 0.040710 0.959280
0.014348 0.000010 0.985642
0.006608 0.000010 0.993382
0.054688 0.000010 0.945302
0.041865 0.000010 0.958125
0.000010 0.000010 0.999980
0.000010 0.000010 0.999980
0.002632 0.000010 0.997358
0.000010 0.000010 0.999980
0.031000 0.000010 0.968990
0.000010 0.000010 0.999980
0.000010 0.006313 0.993677
0.063088 0.000010 0.936902
0.040804 0.000010 0.959186
0.031788 0.000010 0.968202
0.000010 0.000010 0.999980
0.000010 0.011441 0.988549
0.022721 0.027438 0.949841
0.000010 0.000010 0.999980
0.016139 0.000010 0.983851
0.041250 0.000010 0.958740
0.028215 0.000010 0.971775
0.039770 0.000010 0.960220
0.074165 0.000010 0.925825
0.031080 0.000010 0.968910
0.000010 0.000010 0.999980
0.000010 0.012267 0.987723
0.015854 0.000010 0.984136
0.000010 0.000010 0.999980
0.072670 0.000010 0.927320
0.046815 0.000010 0.953175
0.000010 0.000010 0.999980
0.046981 0.000010 0.953009
0.000010 0.000010 0.999980
0.028361 0.017248 0.954391
0.027271 0.000010 0.972719
0.036852 0.003067 0.960081
0.044596 0.000010 0.955394
0.000010 0.000554 0.999436
0.037451 0.016751 0.945798
0.099158 0.000010 0.900832
0.158366 0.000010 0.841624
0.080979 0.000010 0.919011
0.092869 0.004992 0.902139
0.082462 0.000010 0.917528
0.079564 0.000010 0.920426
0.155643 0.002645 0.841712
0.051854 0.000010 0.948136
0.075547 0.011169 0.913284
0.115897 0.000010 0.884093
0.106830 0.000010 0.893160
0.156678 0.000010 0.843312
0.102930 0.000010 0.897060
0.196895 0.000010 0.803095
0.068516 0.000010 0.931474
0.087892 0.000010 0.912098
0.067681 0.000010 0.932309
0.000010 0.000010 0.999980
0.051555 0.014164 0.934282
0.000010 0.000010 0.999980
0.000010 0.005089 0.994901
0.000010 0.000010 0.999980
0.000010 0.000010 0.999980
0.048782 0.000010 0.951208
0.045628 0.000010 0.954362
0.000010 0.000010 0.999980
0.044264 0.000010 0.955726
0.054384 0.017992 0.927625
0.000010 0.008465 0.991525
0.000010 0.014381 0.985609
0.021504 0.024428 0.954068
0.025043 0.000010 0.974947
0.010219 0.000010 0.989771
0.036439 0.000010 0.963551
0.000013 0.000010 0.999977
0.001149 0.002218 0.996633
0.032646 0.000010 0.967344
0.000010 0.000010 0.999980
0.060470 0.000010 0.939520
0.023863 0.000010 0.976127
0.076143 0.035709 0.888148
0.000010 0.000010 0.999980
0.000010 0.000010 0.999980
0.032391 0.000010 0.967599
0.059777 0.000010 0.940213
0.054402 0.000010 0.945588
0.095681 0.000010 0.904309
0.000010 0.000010 0.999980
0.059940 0.000010 0.940050
0.108299 0.000010 0.891691
0.129540 0.000010 0.870450
0.112189 0.000010 0.887801
0.146208 0.015581 0.838211
0.126869 0.000010 0.873121
0.046999 0.000010 0.952991
0.093694 0.000010 0.906296
0.156010 0.015651 0.828339
0.112854 0.000010 0.887136
0.063822 0.000010 0.936168
0.032465 0.000058 0.967476
0.080836 0.013826 0.905337
0.111842 0.000010 0.888148
0.084000 0.000010 0.915990
0.092800 0.000010 0.907190
0.075176 0.000010 0.924814
0.134588 0.000010 0.865402
0.137418 0.000010 0.862572
0.086863 0.000010 0.913127
0.130981 0.000010 0.869009
0.135281 0.000010 0.864709
0.133324 0.000010 0.866666
0.126293 0.000010 0.873697
0.039321 0.000010 0.960669
0.090576 0.000010 0.909414
0.142026 0.000010 0.857964
0.035287 0.000010 0.964703
0.111032 0.000010 0.888958
0.158659 0.000010 0.841331
0.072319 0.000010 0.927671
0.129144 0.000010 0.870846
0.094315 0.000010 0.905675
0.173356 0.000010 0.826634
0.095924 0.008194 0.895882
0.112744 0.032080 0.855177
0.078704 0.000010 0.921286
0.119948 0.000010 0.880042
0.088938 0.000010 0.911052
0.048201 0.000010 0.951789
0.125361 0.003414 0.871225
0.116501 0.000010 0.883489
0.077429 0.000100 0.922471
0.169496 0.000010 0.830494
0.090255 0.016207 0.893538
0.071346 0.000010 0.928644
0.088778 0.000010 0.911212
0.071562 0.016922 0.911516
0.080739 0.000010 0.919251
0.132410 0.000010 0.867580
0.085507 0.000010 0.914483
0.131242 0.000010 0.868748
0.111328 0.000010 0.888662
0.015062 0.000010 0.984928
0.097211 0.000010 0.902779
0.161303 0.000010 0.838687
0.190166 0.000010 0.809824
0.077646 0.000010 0.922344
0.133633 0.000439 0.865927
0.102372 0.000010 0.897618
0.100084 0.000010 0.899906
0.089383 0.005527 0.905090
0.116931 0.000010 0.883059
0.074397 0.000010 0.925593
0.077448 0.000010 0.922542
0.114952 0.000010 0.885038
0.122062 0.000010 0.877928
0.118830 0.000010 0.881160
0.099312 0.023752 0.876935
0.151559 0.000010 0.848431
0.128297 0.000010 0.871693
0.088647 0.000010 0.911343
0.144532 0.000010 0.855458
0.119734 0.000010 0.880256
0.128280 0.000010 0.871710
0.091716 0.000010 0.908274
0.132231 0.000010 0.867759
0.102637 0.010087 0.887276
0.114951 0.000010 0.885039
0.047887 0.000010 0.952103
0.100899 0.000010 0.899091
0.079970 0.000010 0.920020
0.999980 0.000010 0.000010
0.999980 0.000010 0.000010
0.999980 0.000010 0.000010
0.999980 0.000010 0.000010
0.999980 0.000010 0.000010
0.999980 0.000010 0.000010
0.999980 0.000010 0.000010
0.999980 0.000010 0.000010
0.999980 0.000010 0.000010
0.999980 0.000010 0.000010
0.999980 0.000010 0.000010
0.999980 0.000010 0.000010
0.999980 0.000010 0.000010
0.999980 0.000010 0.000010
0.999980 0.000010 0.000010
0.999980 0.000010 0.000010
0.999980 0.000010 0.000010
0.999980 0.000010 0.000010
0.999980 0.000010 0.000010
0.999980 0.000010 0.000010
0.999980 0.000010 0.000010
0.999980 0.000010 0.000010
0.999980 0.000010 0.000010
0.999980 0.000010 0.000010
0.999980 0.000010 0.000010
0.999980 0.000010 0.000010
0.999980 0.000010 0.000010
0.999980 0.000010 0.000010
0.999980 0.000010 0.000010
0.999980 0.000010 0.000010
0.999980 0.000010 0.000010
0.999980 0.000010 0.000010
0.999980 0.000010 0.000010
0.999980 0.000010 0.000010
0.999980 0.000010 0.000010
0.999980 0.000010 0.000010
0.999980 0.000010 0.000010
0.999980 0.000010 0.000010
0.992143 0.007847 0.000010
0.999980 0.000010 0.000010
0.999980 0.000010 0.000010
0.999980 0.000010 0.000010
0.999980 0.000010 0.000010
0.999980 0.000010 0.000010
0.999980 0.000010 0.000010
0.999980 0.000010 0.000010
0.999980 0.000010 0.000010
0.999980 0.000010 0.000010
0.999980 0.000010 0.000010
0.999980 0.000010 0.000010
0.999980 0.000010 0.000010
0.999980 0.000010 0.000010
0.999980 0.000010 0.000010
0.999980 0.000010 0.000010
0.999980 0.000010 0.000010
0.999980 0.000010 0.000010
0.999980 0.000010 0.000010
0.999980 0.000010 0.000010
0.999980 0.000010 0.000010
0.999980 0.000010 0.000010
0.999980 0.000010 0.000010
0.999980 0.000010 0.000010
0.999980 0.000010 0.000010
0.999980 0.000010 0.000010
0.999980 0.000010 0.000010
0.999980 0.000010 0.000010
0.999980 0.000010 0.000010
0.999980 0.000010 0.000010
0.112512 0.090154 0.797333
0.101051 0.090039 0.808910
0.179157 0.205012 0.615830
0.149935 0.076373 0.773692
0.141774 0.152361 0.705865
0.999980 0.000010 0.000010
0.999980 0.000010 0.000010
0.999980 0.000010 0.000010
0.999980 0.000010 0.000010
0.999980 0.000010 0.000010
0.999980 0.000010 0.000010
0.999980 0.000010 0.000010
0.999980 0.000010 0.000010
0.999980 0.000010 0.000010
0.999980 0.000010 0.000010
0.999980 0.000010 0.000010
0.999980 0.000010 0.000010
0.999980 0.000010 0.000010
0.999980 0.000010 0.000010
0.999980 0.000010 0.000010
0.999980 0.000010 0.000010
0.999980 0.000010 0.000010
0.999980 0.000010 0.000010
0.999980 0.000010 0.000010
0.991307 0.008683 0.000010
0.999980 0.000010 0.000010
0.983981 0.000010 0.016009
0.999977 0.000013 0.000010
0.999980 0.000010 0.000010
0.999980 0.000010 0.000010
0.999980 0.000010 0.000010
0.999980 0.000010 0.000010
0.999980 0.000010 0.000010
0.999980 0.000010 0.000010
0.999980 0.000010 0.000010
0.999980 0.000010 0.000010
0.999980 0.000010 0.000010
0.999980 0.000010 0.000010
0.999980 0.000010 0.000010
0.999980 0.000010 0.000010
0.999980 0.000010 0.000010
0.999980 0.000010 0.000010
0.999980 0.000010 0.000010
0.999980 0.000010 0.000010
0.993196 0.000010 0.006794
0.995277 0.000010 0.004713
0.999980 0.000010 0.000010
0.999980 0.000010 0.000010
0.999980 0.000010 0.000010
0.999980 0.000010 0.000010
0.999980 0.000010 0.000010
0.999980 0.000010 0.000010
0.999980 0.000010 0.000010
0.999980 0.000010 0.000010
0.999980 0.000010 0.000010
0.999980 0.000010 0.000010
0.999980 0.000010 0.000010
0.999980 0.000010 0.000010
0.999980 0.000010 0.000010
0.163413 0.195252 0.641335
0.123414 0.236688 0.639897
0.164996 0.136668 0.698336
0.140919 0.082999 0.776082
0.165701 0.084458 0.749841
0.176090 0.065183 0.758728
0.999980 0.000010 0.000010
0.999980 0.000010 0.000010
0.999980 0.000010 0.000010
0.999980 0.000010 0.000010
0.999980 0.000010 0.000010
0.999980 0.000010 0.000010
0.999980 0.000010 0.000010
0.999980 0.000010 0.000010
0.999980 0.000010 0.000010
0.999980 0.000010 0.000010
0.999980 0.000010 0.000010
0.999980 0.000010 0.000010
0.999980 0.000010 0.000010
0.999980 0.000010 0.000010
0.999980 0.000010 0.000010
0.999980 0.000010 0.000010
0.999980 0.000010 0.000010
0.999980 0.000010 0.000010
0.990255 0.009735 0.000010
0.999980 0.000010 0.000010
0.999980 0.000010 0.000010
0.999980 0.000010 0.000010
0.999980 0.000010 0.000010
0.999980 0.000010 0.000010
0.999980 0.000010 0.000010
0.999980 0.000010 0.000010
0.999980 0.000010 0.000010
0.999980 0.000010 0.000010
0.999980 0.000010 0.000010
0.999980 0.000010 0.000010
0.999980 0.000010 0.000010
0.999980 0.000010 0.000010
0.999980 0.000010 0.000010
0.999980 0.000010 0.000010
0.999980 0.000010 0.000010
0.999980 0.000010 0.000010
0.999980 0.000010 0.000010
0.999980 0.000010 0.000010
0.999980 0.000010 0.000010
0.999980 0.000010 0.000010
0.999980 0.000010 0.000010
0.078425 0.057888 0.863687
0.111959 0.069095 0.818946
0.109470 0.060506 0.830025
0.186568 0.127350 0.686082
0.140556 0.106848 0.752596
0.118005 0.076587 0.805408
0.075833 0.154404 0.769763
0.105829 0.131566 0.762605
0.031317 0.086311 0.882372
0.119916 0.105389 0.774695
0.079922 0.078406 0.841671
0.102826 0.070703 0.826471
0.200893 0.045753 0.753354
0.999980 0.000010 0.000010
0.984542 0.015448 0.000010
0.986783 0.013207 0.000010
0.988590 0.011400 0.000010
0.978939 0.021051 0.000010
0.995371 0.004619 0.000010
0.999980 0.000010 0.000010
0.999980 0.000010 0.000010
0.999980 0.000010 0.000010
0.999980 0.000010 0.000010
0.999980 0.000010 0.000010
0.999980 0.000010 0.000010
0.989022 0.010968 0.000010
0.999980 0.000010 0.000010
0.999980 0.000010 0.000010
0.117523 0.073203 0.809274
0.113703 0.094447 0.791850
0.141360 0.284420 0.574220
0.146901 0.205483 0.647616
0.159143 0.255164 0.585693
0.241180 0.260092 0.498727
0.183587 0.216085 0.600328
0.221510 0.071108 0.707382
0.123289 0.152870 0.723841
0.140401 0.141206 0.718392
0.102123 0.189189 0.708688
0.134881 0.107418 0.757700
0.125508 0.052780 0.821712
0.130341 0.091586 0.778073
0.159284 0.357779 0.482938
0.054912 0.191391 0.753696
0.120144 0.091481 0.788375
0.142028 0.106926 0.751046
0.149012 0.101526 0.749461
0.134324 0.149462 0.716214
0.096037 0.082850 0.821114
0.102299 0.124228 0.773473
0.100882 0.081608 0.817510
0.196148 0.064660 0.739192
0.215325 0.053765 0.730909
0.040292 0.158729 0.800979
0.155595 0.202967 0.641438
0.174489 0.145630 0.679881
0.273268 0.092267 0.634465
0.234784 0.116565 0.648651
0.240523 0.207280 0.552198
0.150996 0.111627 0.737377
0.154947 0.146319 0.698734
0.142491 0.163687 0.693822
0.158070 0.081719 0.760211
0.166123 0.097177 0.736701
0.046808 0.256667 0.696525
0.093417 0.199778 0.706805
0.117802 0.259919 0.622279
0.157910 0.083766 0.758323
0.171380 0.078422 0.750199
0.082956 0.096977 0.820067
0.054687 0.108159 0.837154
0.094127 0.178733 0.727140
0.082018 0.144638 0.773343
0.106876 0.076109 0.817015
0.122343 0.158141 0.719516
0.066759 0.170621 0.762620
0.088633 0.165161 0.746207
0.082512 0.077858 0.839629
0.084499 0.129094 0.786407
0.117513 0.119894 0.762593
0.115213 0.254461 0.630326
0.097134 0.639982 0.262885
0.130568 0.457966 0.411466
0.129285 0.135411 0.735303
0.177245 0.114231 0.708524
0.082712 0.010458 0.906831
0.293751 0.000010 0.706239
0.232679 0.005227 0.762094
0.090805 0.004388 0.904808
0.297827 0.011858 0.690315
0.164445 0.113047 0.722508
0.288570 0.132559 0.578870
0.235830 0.072709 0.691461
0.306849 0.069447 0.623705
0.192095 0.054089 0.753816
0.264819 0.056232 0.678948
0.116412 0.070012 0.813576
0.180979 0.141391 0.677630
0.190230 0.085004 0.724766
0.178855 0.117429 0.703716
0.370233 0.013449 0.616318
0.297296 0.053723 0.648981
0.271541 0.218621 0.509838
0.228841 0.064396 0.706763
0.206422 0.210395 0.583184
0.295026 0.180262 0.524712
0.261414 0.027325 0.711261
0.364419 0.080076 0.555505
0.275456 0.058299 0.666245
0.206751 0.194889 0.598361
0.203596 0.071030 0.725374
0.123889 0.187978 0.688133
0.155716 0.249449 0.594835
0.075133 0.032990 0.891877
0.121183 0.145439 0.733378
0.132090 0.140852 0.727058
0.178792 0.165036 0.656172
0.120206 0.170397 0.709397
0.076261 0.108907 0.814832
0.198822 0.116564 0.684614
0.117352 0.119489 0.763159
0.070669 0.097799 0.831532
0.222144 0.063468 0.714387
0.123364 0.062212 0.814425
0.131749 0.127595 0.740656
0.203102 0.107175 0.689723
0.232685 0.092813 0.674502
0.275579 0.192522 0.531899
0.140380 0.263080 0.596541
0.206380 0.253393 0.540228
0.261550 0.136861 0.601589
0.174037 0.113096 0.712867
0.226250 0.067235 0.706515
0.114162 0.067332 0.818506
0.119277 0.184421 0.696301
0.050958 0.127753 0.821289
0.157981 0.033768 0.808251
0.057855 0.186135 0.756010
0.138598 0.141868 0.719535
0.050268 0.193517 0.756215
0.017950 0.730028 0.252022
0.020547 0.537488 0.441964
0.028129 0.640904 0.330967
0.198045 0.163964 0.637990
0.089421 0.087074 0.823504
0.157623 0.127538 0.714839
0.245735 0.122092 0.632173
0.264226 0.000010 0.735764
0.252989 0.094469 0.652542
0.178173 0.045398 0.776429
0.299374 0.173134 0.527492
0.213696 0.114160 0.672144
0.164632 0.008043 0.827325
0.284854 0.038122 0.677025
0.208784 0.000010 0.791206
0.202686 0.000010 0.797304
0.320810 0.156314 0.522877
0.255468 0.077360 0.667172
0.254236 0.031526 0.714238
0.290302 0.079107 0.630591
0.321538 0.178668 0.499794
0.276153 0.151628 0.572219
0.279300 0.011203 0.709497
0.019806 0.000010 0.980184
0.162830 0.000010 0.837160
0.382359 0.005641 0.612000
0.390498 0.006692 0.602810
0.367447 0.021203 0.611350
0.281350 0.038547 0.680103
0.234375 0.028633 0.736993
0.170488 0.101116 0.728396
0.181316 0.250665 0.568019
0.152734 0.119955 0.727311
0.171378 0.134599 0.694024
0.173283 0.157625 0.669092
0.148046 0.213946 0.638008
0.093250 0.157075 0.749675
0.084892 0.150826 0.764282
0.132545 0.153730 0.713725
0.056836 0.171382 0.771782
0.144225 0.102579 0.753196
0.016495 0.000010 0.983495
0.492451 0.000010 0.507539
0.298420 0.297891 0.403689
0.408480 0.164970 0.426549
0.322425 0.095902 0.581673
0.186628 0.047637 0.765735
0.248414 0.066404 0.685182
0.211335 0.000010 0.788655
0.379089 0.029343 0.591569
0.290571 0.007640 0.701788
0.421399 0.027842 0.550759
0.280073 0.006444 0.713483
0.358469 0.033333 0.608198
0.207969 0.025004 0.767027
0.120091 0.028507 0.851403
0.193871 0.027928 0.778200
0.302628 0.002018 0.695354
0.229830 0.019257 0.750913
0.308287 0.011699 0.680014
0.198114 0.047805 0.754081
0.280501 0.079110 0.640389
0.217980 0.064119 0.717901
0.171983 0.103963 0.724053
0.297658 0.188368 0.513974
0.314502 0.122501 0.562997
0.263576 0.097698 0.638725
0.268104 0.116882 0.615015
0.455705 0.121318 0.422977
0.338076 0.071317 0.590606
0.182343 0.000010 0.817647
0.260439 0.124263 0.615298
0.239312 0.063244 0.697445
0.294403 0.055223 0.650375
0.373759 0.048507 0.577733
0.335939 0.093685 0.570377
0.169468 0.000010 0.830522
0.228708 0.094573 0.676719
0.204551 0.065233 0.730217
0.100500 0.079468 0.820033
0.192113 0.328738 0.479149
0.129128 0.225933 0.644940
0.124128 0.191975 0.683898
0.184433 0.190364 0.625203
0.117916 0.073344 0.808740
0.113550 0.161407 0.725043
0.165421 0.222624 0.611956
0.186094 0.176146 0.637760
0.210309 0.182824 0.606867
0.167356 0.143499 0.689146
0.206546 0.085523 0.707931
0.197997 0.108646 0.693357
0.200977 0.124879 0.674144
0.265359 0.118852 0.615788
0.208335 0.058329 0.733336
0.226909 0.077396 0.695694
0.479722 0.050974 0.469304
0.147467 0.037756 0.814777
0.031730 0.000010 0.968260
0.042710 0.020229 0.937061
0.132853 0.164549 0.702598
0.366221 0.069053 0.564727
0.579641 0.000010 0.420349
0.300991 0.116590 0.582419
0.216545 0.082753 0.700702
0.283807 0.046306 0.669887
0.393936 0.078017 0.528047
0.346959 0.058870 0.594171
0.370383 0.056732 0.572886
0.374637 0.210568 0.414795
0.292045 0.321386 0.386568
0.389815 0.279791 0.330394
0.303385 0.192665 0.503949
0.224383 0.004933 0.770684
0.256886 0.102062 0.641052
0.220714 0.019299 0.759987
0.156680 0.022663 0.820656
0.121912 0.027782 0.850306
0.254329 0.371625 0.374046
0.370877 0.043253 0.585870
0.226552 0.159156 0.614292
0.084501 0.009065 0.906434
0.077110 0.074629 0.848261
0.184854 0.038085 0.777061
0.244781 0.017543 0.737676
0.162594 0.032549 0.804857
0.344367 0.075265 0.580368
0.353721 0.107399 0.538881
0.404933 0.112055 0.483012
0.479265 0.000010 0.520725
0.333035 0.045116 0.621849
0.486036 0.030088 0.483876
0.000010 0.047946 0.952044
0.002638 0.052976 0.944387
0.000010 0.063940 0.936050
0.004167 0.012198 0.983635
0.028897 0.000010 0.971093
0.007648 0.012004 0.980348
0.000010 0.002763 0.997227
0.064650 0.000010 0.935340
0.001121 0.009817 0.989062
0.000010 0.000010 0.999980
0.000010 0.000010 0.999980
0.014830 0.000010 0.985160
0.000010 0.010909 0.989081
0.023749 0.016166 0.960085
0.016768 0.000010 0.983222
0.000010 0.018200 0.981790
0.034651 0.000010 0.965339
0.020644 0.017611 0.961745
0.038373 0.031226 0.930401
0.000010 0.000010 0.999980
0.067832 0.000010 0.932158
0.002529 0.000010 0.997461
0.017128 0.000010 0.982862
0.017311 0.000010 0.982679
0.015098 0.018393 0.966509
0.051398 0.000010 0.948592
0.023373 0.000010 0.976617
0.028223 0.026240 0.945537
0.102213 0.009829 0.887959
0.089150 0.006879 0.903971
0.014471 0.020715 0.964814
0.033903 0.028027 0.938069
0.053416 0.000132 0.946452
0.008502 0.032937 0.958561
0.012903 0.004938 0.982159
0.000010 0.007450 0.992540
0.257690 0.000010 0.742300
0.253285 0.398335 0.348380
0.240460 0.183979 0.575561
0.337843 0.185512 0.476645
0.665195 0.000010 0.334795
0.468866 0.011493 0.519641
0.618749 0.002749 0.378502
0.593955 0.040595 0.365450
0.882102 0.000010 0.117888
0.736218 0.037730 0.226051
0.447116 0.076537 0.476347
0.588127 0.018981 0.392892
0.487744 0.031115 0.481142
0.363634 0.018726 0.617640
0.323760 0.030363 0.645877
0.378203 0.026201 0.595596
0.302251 0.056073 0.641676
0.995157 0.004833 0.000010
0.999973 0.000017 0.000010
0.974472 0.000010 0.025518
0.999980 0.000010 0.000010
0.999980 0.000010 0.000010
0.999980 0.000010 0.000010
0.010500 0.034268 0.955231
0.036780 0.008691 0.954528
0.000010 0.067273 0.932717
0.000010 0.000010 0.999980
0.000010 0.000010 0.999980
0.046698 0.000010 0.953292
0.068282 0.034755 0.896964
0.000616 0.029899 0.969485
0.061459 0.017720 0.920821
0.043198 0.055108 0.901694
0.010156 0.071752 0.918092
0.013201 0.054803 0.931996
0.040384 0.018171 0.941445
0.013947 0.016114 0.969939
0.016235 0.026328 0.957438
0.050059 0.000010 0.949931
0.025871 0.000010 0.974119
0.011920 0.070220 0.917860
0.000010 0.000010 0.999980
0.065956 0.000010 0.934034
0.014216 0.000010 0.985774
0.000010 0.016883 0.983107
0.000010 0.028719 0.971271
0.058111 0.009401 0.932488
0.024477 0.014944 0.960579
0.000010 0.063135 0.936855
0.005624 0.038814 0.955562
0.042931 0.059921 0.897148
0.032628 0.016083 0.951288
0.014805 0.068305 0.916890
0.068326 0.000010 0.931664
0.034304 0.032122 0.933574
0.057015 0.002078 0.940907
0.041434 0.016885 0.941681
0.060527 0.016183 0.923290
0.004851 0.049407 0.945742
0.000010 0.000010 0.999980
0.000010 0.000010 0.999980
0.000167 0.000010 0.999823
0.000010 0.014099 0.985891
0.000010 0.022860 0.977130
0.000010 0.008804 0.991186
0.013630 0.016743 0.969627
0.000010 0.000010 0.999980
0.004795 0.015823 0.979381
0.000010 0.079582 0.920408
0.000010 0.000010 0.999980
0.000010 0.036007 0.963983
0.000010 0.026600 0.973390
0.078881 0.000010 0.921109
0.079956 0.000010 0.920034
0.000010 0.000010 0.999980
0.014965 0.027646 0.957388
0.017934 0.000010 0.982056
0.047221 0.053154 0.899625
0.047961 0.053765 0.898274
0.033696 0.036682 0.929622
0.060592 0.038753 0.900655
0.003932 0.027989 0.968079
0.021845 0.051530 0.926625
0.021599 0.000010 0.978391
0.000010 0.000010 0.999980
0.010081 0.000010 0.989909
0.014110 0.001808 0.984083
0.000667 0.026343 0.972990
0.000010 0.005114 0.994876
0.055166 0.026518 0.918317
0.063070 0.037739 0.899191
0.046976 0.013593 0.939431
0.017954 0.017611 0.964435
0.000010 0.076415 0.923575
0.000010 0.037841 0.962149
0.027017 0.000010 0.972973
0.000010 0.000010 0.999980
0.000010 0.000010 0.999980
0.012821 0.070977 0.916203
0.013880 0.053478 0.932642
0.000010 0.041843 0.958147
0.057475 0.000010 0.942515
0.000010 0.000010 0.999980
0.033511 0.000010 0.966479
0.000010 0.050738 0.949252
0.004380 0.044451 0.951169
0.000010 0.072376 0.927614
0.020472 0.001849 0.977679
0.019496 0.045427 0.935076
0.018416 0.000010 0.981574
0.039034 0.006097 0.954869
0.016981 0.000010 0.983009
0.000010 0.000010 0.999980
0.000010 0.038551 0.961439
0.000010 0.033243 0.966747
0.000010 0.000010 0.999980
0.000010 0.024629 0.975361
0.035867 0.000010 0.964123
0.012142 0.023923 0.963934
0.012433 0.028915 0.958652
0.000010 0.066178 0.933812
0.004196 0.065834 0.929970
0.002978 0.050416 0.946606
0.032074 0.034189 0.933737
0.087332 0.000010 0.912658
0.042507 0.030644 0.926849
0.007126 0.018319 0.974555
0.016149 0.018949 0.964903
0.999980 0.000010 0.000010
0.999980 0.000010 0.000010
0.999980 0.000010 0.000010
0.983731 0.016259 0.000010
0.999980 0.000010 0.000010
0.999980 0.000010 0.000010
0.999980 0.000010 0.000010
0.988874 0.011116 0.000010
0.992306 0.007684 0.000010
0.999980 0.000010 0.000010
0.999980 0.000010 0.000010
0.999980 0.000010 0.000010
0.999980 0.000010 0.000010
0.999980 0.000010 0.000010
0.999980 0.000010 0.000010
0.999980 0.000010 0.000010
0.999980 0.000010 0.000010
0.999980 0.000010 0.000010
0.999980 0.000010 0.000010
0.999980 0.000010 0.000010
0.999980 0.000010 0.000010
0.987239 0.012751 0.000010
0.998133 0.001857 0.000010
0.999980 0.000010 0.000010
0.984091 0.015899 0.000010
0.999980 0.000010 0.000010
0.981146 0.018844 0.000010
0.999980 0.000010 0.000010
0.999980 0.000010 0.000010
0.992273 0.007717 0.000010
0.999980 0.000010 0.000010
0.979260 0.000010 0.020730
0.999980 0.000010 0.000010
0.993303 0.006687 0.000010
0.986886 0.013104 0.000010
0.966044 0.033946 0.000010
0.999980 0.000010 0.000010
0.996390 0.003600 0.000010
0.989206 0.010784 0.000010
0.993168 0.006822 0.000010
0.973919 0.026071 0.000010
0.971082 0.028908 0.000010
0.999980 0.000010 0.000010
0.999980 0.000010 0.000010
0.999980 0.000010 0.000010
0.999980 0.000010 0.000010
0.999980 0.000010 0.000010
0.989287 0.010703 0.000010
0.970654 0.008344 0.021002
0.999980 0.000010 0.000010
0.999980 0.000010 0.000010
0.999980 0.000010 0.000010
0.999980 0.000010 0.000010
0.989166 0.010824 0.000010
0.999980 0.000010 0.000010
0.987331 0.012659 0.000010
0.069595 0.764243 0.166161
0.210840 0.584145 0.205015
0.120031 0.696353 0.183616
0.000010 0.956636 0.043354
0.000010 0.857194 0.142796
0.000010 0.941496 0.058494
0.000010 0.945173 0.054817
0.007211 0.903583 0.089205
0.011000 0.893870 0.095130
0.000010 0.891077 0.108913
0.000010 0.999980 0.000010
0.000010 0.889372 0.110618
0.000010 0.955978 0.044012
0.651216 0.072199 0.276585
0.490775 0.128222 0.381003
0.000010 0.922051 0.077939
0.000010 0.940886 0.059104
0.037255 0.927239 0.035506
0.072531 0.886382 0.041087
0.538155 0.146691 0.315155
0.009690 0.940277 0.050033
0.000010 0.879155 0.120835
0.000010 0.953366 0.046624
0.000010 0.937063 0.062927
0.709033 0.002873 0.288094
0.633479 0.029888 0.336633
0.617833 0.035017 0.347150
0.898593 0.000010 0.101397
0.709800 0.000901 0.289299
0.786211 0.000010 0.213779
0.875438 0.000010 0.124552
0.749989 0.083976 0.166035
0.795733 0.036729 0.167538
0.913800 0.000010 0.086190
0.859627 0.003668 0.136705
0.924186 0.000010 0.075804
0.736132 0.000010 0.263858
0.703028 0.036297 0.260675
0.684628 0.009768 0.305604
0.689723 0.014845 0.295433
0.606133 0.025793 0.368074
0.630686 0.025999 0.343314
0.924533 0.000010 0.075457
0.705455 0.000010 0.294535
0.761897 0.000010 0.238093
0.692785 0.119195 0.188020
0.762137 0.000010 0.237853
0.750811 0.040378 0.208811
0.877283 0.000010 0.122707
0.732410 0.020740 0.246850
0.751152 0.013595 0.235253
0.597952 0.026401 0.375647
0.767823 0.129928 0.102249
0.732966 0.027493 0.239541
0.784838 0.029893 0.185269
0.845486 0.074814 0.079699
0.829243 0.019876 0.150881
0.808184 0.016882 0.174934
0.806754 0.000010 0.193236
0.794677 0.019115 0.186208
0.010129 0.950067 0.039804
0.000010 0.819136 0.180854
0.021213 0.831286 0.147501
0.000010 0.692099 0.307891
0.937545 0.000010 0.062445
0.553298 0.087939 0.358762
0.621423 0.023645 0.354932
0.939821 0.022150 0.038030
0.776980 0.026606 0.196415
0.560434 0.000010 0.439556
0.568389 0.160377 0.271234
0.562617 0.110951 0.326432
0.770208 0.025215 0.204576
0.918652 0.000010 0.081338
0.863128 0.019385 0.117487
0.736517 0.001781 0.261702
0.703602 0.000010 0.296388
0.713635 0.005792 0.280572
0.626020 0.000010 0.373970
0.578130 0.021491 0.400379
0.577707 0.021114 0.401179
0.732865 0.000010 0.267125
0.617341 0.000010 0.382649
0.679687 0.000010 0.320303
0.011937 0.927076 0.060987
0.000010 0.853657 0.146333
0.000010 0.869574 0.130416
0.000010 0.557883 0.442107
0.000010 0.806955 0.193035
0.000010 0.893951 0.106039
0.658856 0.000010 0.341134
0.844649 0.000010 0.155341
0.812457 0.000010 0.187533
0.845334 0.001493 0.153173
0.830819 0.008882 0.160298
0.709769 0.000010 0.290221
0.753649 0.000010 0.246341
0.722093 0.000010 0.277897
0.255838 0.337152 0.407010
0.792925 0.000010 0.207065
0.000010 0.869425 0.130565
0.007177 0.827238 0.165585
0.009940 0.843488 0.146573
0.000010 0.945186 0.054804
0.023272 0.940692 0.036036
0.000010 0.853430 0.146560
0.999980 0.000010 0.000010
0.968221 0.003309 0.028469
0.988662 0.011328 0.000010
0.996792 0.000010 0.003198
0.999980 0.000010 0.000010
0.991293 0.008697 0.000010
0.999980 0.000010 0.000010
0.999980 0.000010 0.000010
0.999980 0.000010 0.000010
0.999980 0.000010 0.000010
0.999980 0.000010 0.000010
0.984935 0.015055 0.000010
0.999980 0.000010 0.000010
0.999980 0.000010 0.000010
0.985929 0.000010 0.014061
0.999980 0.000010 0.000010
0.956933 0.038116 0.004951
0.999980 0.000010 0.000010
0.984652 0.015338 0.000010
0.975450 0.024540 0.000010
0.980818 0.000010 0.019172
0.999980 0.000010 0.000010
0.000010 0.966855 0.033135
0.000010 0.999980 0.000010
0.010357 0.909974 0.079668
0.000010 0.875025 0.124965
0.000010 0.891888 0.108102
0.999980 0.000010 0.000010
0.999980 0.000010 0.000010
0.992507 0.007483 0.000010
0.999980 0.000010 0.000010
0.999980 0.000010 0.000010
0.996674 0.003316 0.000010
0.999980 0.000010 0.000010
0.991283 0.008707 0.000010
0.997769 0.002221 0.000010
0.997203 0.000010 0.002787
0.997106 0.002884 0.000010
0.999980 0.000010 0.000010
0.999980 0.000010 0.000010
0.999980 0.000010 0.000010
0.999980 0.000010 0.000010
0.999980 0.000010 0.000010
0.999980 0.000010 0.000010
0.999980 0.000010 0.000010
0.999980 0.000010 0.000010
0.999980 0.000010 0.000010
0.999980 0.000010 0.000010
0.999980 0.000010 0.000010
0.999980 0.000010 0.000010
0.999980 0.000010 0.000010
0.999980 0.000010 0.000010
0.983786 0.016204 0.000010
0.999980 0.000010 0.000010
0.976618 0.014962 0.008420
0.999980 0.000010 0.000010
0.646732 0.004501 0.348767
0.548246 0.113145 0.338610
0.616326 0.088502 0.295173
0.039523 0.905966 0.054510
0.773137 0.019132 0.207730
0.794139 0.000010 0.205851
0.894968 0.000010 0.105022
0.936546 0.000010 0.063444
0.000010 0.957767 0.042223
0.000010 0.865032 0.134958
0.038809 0.940849 0.020342
0.974170 0.025820 0.000010
0.987913 0.012077 0.000010
0.999980 0.000010 0.000010
0.999980 0.000010 0.000010
0.999980 0.000010 0.000010
0.999980 0.000010 0.000010
0.999980 0.000010 0.000010
0.999980 0.000010 0.000010
0.994139 0.000010 0.005851
0.982868 0.017122 0.000010
0.946263 0.000010 0.053727
0.985761 0.014229 0.000010
0.999980 0.000010 0.000010
0.988683 0.011307 0.000010
0.978582 0.008125 0.013293
0.985366 0.014624 0.000010
0.982331 0.000010 0.017659
0.999980 0.000010 0.000010
0.981597 0.018393 0.000010
0.999980 0.000010 0.000010
0.981470 0.018520 0.000010
0.931984 0.002431 0.065585
0.020618 0.858291 0.121091
0.000010 0.950585 0.049405
0.022061 0.897825 0.080115
0.785016 0.000010 0.214974
0.811689 0.000010 0.188301
0.791648 0.000010 0.208342
0.839216 0.000010 0.160774
0.983784 0.016206 0.000010
0.999980 0.000010 0.000010
0.999980 0.000010 0.000010
0.998414 0.000010 0.001576
0.997491 0.002499 0.000010
0.989692 0.010298 0.000010
0.999980 0.000010 0.000010
0.999980 0.000010 0.000010
0.990563 0.009427 0.000010
0.999980 0.000010 0.000010
0.999980 0.000010 0.000010
0.999980 0.000010 0.000010
0.999980 0.000010 0.000010
0.991827 0.008163 0.000010
0.999980 0.000010 0.000010
0.999980 0.000010 0.000010
0.999980 0.000010 0.000010
0.986952 0.013038 0.000010
0.999980 0.000010 0.000010
0.979857 0.020133 0.000010
0.022072 0.000010 0.977918
0.013768 0.014262 0.971969
0.000010 0.000010 0.999980
0.018736 0.008357 0.972907
0.022495 0.000010 0.977495
0.034259 0.000010 0.965731
0.010960 0.010354 0.978685
0.000010 0.001484 0.998506
0.030689 0.002016 0.967296
0.000010 0.000010 0.999980
0.046455 0.048184 0.905362
0.014778 0.003493 0.981729
0.000010 0.000010 0.999980
0.000010 0.000010 0.999980
0.000010 0.038850 0.961140
0.000010 0.000010 0.999980
0.000010 0.006639 0.993351
0.054151 0.029329 0.916519
0.010579 0.076640 0.912781
0.000010 0.025186 0.974804
0.989574 0.010416 0.000010
0.584774 0.021441 0.393785
0.438124 0.023969 0.537907
0.000010 0.940972 0.059018
0.000010 0.750148 0.249842
0.000010 0.842587 0.157403
0.000010 0.931301 0.068689
0.935242 0.000010 0.064748
0.770021 0.006841 0.223138
0.865972 0.000010 0.134018
0.707403 0.000010 0.292587
0.881847 0.000010 0.118143
0.872229 0.000010 0.127761
0.902448 0.000010 0.097542
0.938781 0.000010 0.061209
0.935347 0.000010 0.064643
0.569199 0.209368 0.221433
0.883409 0.000010 0.116581
0.643092 0.000010 0.356898
0.884878 0.000010 0.115112
0.798960 0.000010 0.201030
0.000010 0.911397 0.088593
0.000010 0.971290 0.028700
0.053091 0.815340 0.131569
0.011514 0.794381 0.194105
0.000010 0.836321 0.163669
0.709556 0.031027 0.259417
0.694570 0.021100 0.284330
0.700418 0.029767 0.269816
0.846446 0.007287 0.146267
0.827543 0.000010 0.172447
0.829588 0.000010 0.170402
0.544206 0.012729 0.443064
0.720579 0.000010 0.279411
0.642609 0.000010 0.357381
0.736187 0.036301 0.227512
0.570255 0.000010 0.429735
0.648224 0.000010 0.351766
0.672453 0.049609 0.277938
0.011206 0.963461 0.025333
0.016204 0.856858 0.126938
0.000010 0.889246 0.110744
0.573568 0.008858 0.417573
0.000010 0.967045 0.032945
0.000010 0.892340 0.107650
0.034342 0.919300 0.046358
0.000010 0.939310 0.060680
0.040515 0.918634 0.040850
0.020515 0.900005 0.079480
0.000010 0.908468 0.091522
0.014789 0.927378 0.057833
0.041324 0.958666 0.000010
0.033932 0.855478 0.110590
0.000010 0.913818 0.086172
0.000010 0.800587 0.199403
0.000010 0.850732 0.149258
0.000010 0.999980 0.000010
0.034849 0.786340 0.178812
0.551105 0.092059 0.356836
0.743365 0.000010 0.256625
0.999980 0.000010 0.000010
0.999980 0.000010 0.000010
0.991567 0.008423 0.000010
0.999980 0.000010 0.000010
0.999980 0.000010 0.000010
0.999980 0.000010 0.000010
0.986009 0.013981 0.000010
0.988548 0.011442 0.000010
0.999980 0.000010 0.000010
0.999980 0.000010 0.000010
0.990178 0.009812 0.000010
0.999980 0.000010 0.000010
0.999980 0.000010 0.000010
0.999980 0.000010 0.000010
0.999980 0.000010 0.000010
0.999980 0.000010 0.000010
0.988224 0.011766 0.000010
0.999980 0.000010 0.000010
0.999980 0.000010 0.000010
0.999980 0.000010 0.000010
0.999980 0.000010 0.000010
0.999980 0.000010 0.000010
0.999908 0.000082 0.000010
0.999980 0.000010 0.000010
0.999980 0.000010 0.000010
0.999980 0.000010 0.000010
0.992383 0.007607 0.000010
0.999980 0.000010 0.000010
0.999980 0.000010 0.000010
0.999980 0.000010 0.000010
0.981904 0.018086 0.000010
0.985506 0.014484 0.000010
0.999980 0.000010 0.000010
0.999980 0.000010 0.000010
0.999980 0.000010 0.000010
0.000010 0.956882 0.043108
0.038768 0.553431 0.407802
0.517165 0.070331 0.412504
0.021509 0.871825 0.106666
0.004490 0.915706 0.079804
0.028107 0.797740 0.174153
0.000010 0.956665 0.043325
0.000010 0.991879 0.008111
0.000010 0.818160 0.181830
0.000010 0.955883 0.044107
0.000010 0.950867 0.049123
0.000010 0.985281 0.014709
0.000666 0.868263 0.131071
0.030703 0.969287 0.000010
0.003112 0.957970 0.038918
0.000010 0.999980 0.000010
0.000010 0.999980 0.000010
0.000010 0.999980 0.000010
0.000010 0.999980 0.000010
0.021934 0.943258 0.034808
0.000010 0.939403 0.060587
0.000010 0.855242 0.144748
0.020422 0.840677 0.138900
0.005965 0.922082 0.071953
0.025260 0.929183 0.045557
0.008034 0.912471 0.079495
0.000102 0.738738 0.261161
0.003364 0.883487 0.113149
0.228611 0.046436 0.724953
0.346100 0.015898 0.638001
0.321782 0.034795 0.643424
0.270336 0.000010 0.729654
0.338664 0.015388 0.645947
0.278489 0.010755 0.710756
0.000010 0.947295 0.052695
0.017227 0.939220 0.043553
0.000010 0.765588 0.234402
0.031477 0.781068 0.187455
0.000010 0.933441 0.066549
0.051519 0.916189 0.032292
0.029134 0.970856 0.000010
0.999980 0.000010 0.000010
0.999980 0.000010 0.000010
0.999980 0.000010 0.000010
0.991952 0.008038 0.000010
0.999980 0.000010 0.000010
0.999980 0.000010 0.000010
0.999980 0.000010 0.000010
0.999980 0.000010 0.000010
0.999980 0.000010 0.000010
0.000010 0.844636 0.155354
0.011302 0.947736 0.040962
0.000010 0.853675 0.146315
0.000010 0.927333 0.072657
0.028511 0.895570 0.075919
0.000010 0.985752 0.014238
0.000010 0.856087 0.143903
0.007412 0.910131 0.082458
0.000010 0.954549 0.045441
0.000010 0.905119 0.094871
0.000010 0.999980 0.000010
0.000010 0.989529 0.010461
0.015522 0.984468 0.000010
0.000010 0.999980 0.000010
0.000010 0.980643 0.019347
0.000010 0.999980 0.000010
0.000010 0.999980 0.000010
0.000010 0.999980 0.000010
0.000010 0.982632 0.017358
0.015697 0.961483 0.022820
0.004207 0.972328 0.023465
0.059645 0.813655 0.126700
0.030477 0.802613 0.166910
0.000010 0.999980 0.000010
0.023182 0.973038 0.003780
0.002927 0.997063 0.000010
0.000010 0.999980 0.000010
0.000010 0.999980 0.000010
0.000010 0.999980 0.000010
0.000010 0.999980 0.000010
0.000010 0.978020 0.021970
0.000010 0.987183 0.012807
0.000010 0.999980 0.000010
0.000010 0.996406 0.003584
0.000010 0.998110 0.001880
0.369647 0.000010 0.630343
0.429052 0.005303 0.565646
0.377754 0.017806 0.604440
0.412418 0.003798 0.583784
0.382119 0.000010 0.617871
0.355636 0.033080 0.611284
0.389678 0.000010 0.610312
0.016818 0.983172 0.000010
0.042336 0.957654 0.000010
0.041115 0.958875 0.000010
0.000010 0.999980 0.000010
0.000010 0.969186 0.030804
0.000010 0.976366 0.023624
0.000010 0.999980 0.000010
0.000010 0.999980 0.000010
0.000010 0.999980 0.000010
0.000010 0.999980 0.000010
0.000010 0.999980 0.000010
0.000010 0.999980 0.000010
0.020004 0.979986 0.000010
0.000010 0.999980 0.000010
0.000010 0.999980 0.000010
0.030844 0.969146 0.000010
0.021094 0.978896 0.000010
0.027326 0.972664 0.000010
0.000010 0.999980 0.000010
0.012340 0.987650 0.000010
0.000010 0.999980 0.000010
0.002550 0.997440 0.000010
0.000010 0.999980 0.000010
0.000010 0.999980 0.000010
0.271999 0.000010 0.727991
0.320468 0.011123 0.668410
0.321267 0.000010 0.678723
0.326006 0.028958 0.645036
0.293438 0.000010 0.706552
0.310335 0.000010 0.689655
0.241180 0.000010 0.758810
0.253917 0.009499 0.736584
0.238649 0.000010 0.761341
0.390092 0.088644 0.521264
0.296111 0.098479 0.605410
0.318666 0.131681 0.549653
0.281593 0.028158 0.690249
0.353148 0.016133 0.630719
0.339374 0.018290 0.642337
0.000010 0.999980 0.000010
0.000010 0.999980 0.000010
0.000010 0.999980 0.000010
0.000010 0.999980 0.000010
0.026148 0.973842 0.000010
0.017365 0.982625 0.000010
0.000010 0.999980 0.000010
0.000010 0.999980 0.000010
0.000010 0.999980 0.000010
0.305466 0.000010 0.694524
0.323964 0.000010 0.676026
0.305684 0.000010 0.694306
0.380624 0.042013 0.577363
0.392686 0.088276 0.519037
0.391050 0.073772 0.535178
0.407749 0.018165 0.574085
0.423791 0.043828 0.532381
0.399595 0.034054 0.566351
0.238605 0.056943 0.704452
0.290143 0.000010 0.709847
0.271819 0.013334 0.714847
0.288232 0.068570 0.643198
0.355471 0.006572 0.637956
0.307950 0.000010 0.692040
0.310614 0.012582 0.676804
0.296027 0.002150 0.701823
0.302467 0.000010 0.697523
0.309684 0.009008 0.681308
0.000010 0.999980 0.000010
0.013965 0.986025 0.000010
0.000010 0.999980 0.000010
0.016333 0.983657 0.000010
0.021145 0.978845 0.000010
0.000010 0.999980 0.000010
0.050508 0.949482 0.000010
0.000010 0.999980 0.000010
0.018402 0.976814 0.004784
0.418463 0.009999 0.571537
0.358570 0.000010 0.641420
0.330551 0.047661 0.621788
0.418847 0.062670 0.518482
0.452817 0.035516 0.511668
0.402103 0.041323 0.556574
0.356109 0.051188 0.592703
0.316837 0.000010 0.683153
0.252588 0.036253 0.711159
0.303319 0.034826 0.661855
0.367917 0.021058 0.611025
0.343942 0.010329 0.645729
0.378740 0.000010 0.621250
0.000010 0.999980 0.000010
0.000010 0.999980 0.000010
0.014455 0.970751 0.014794
0.014941 0.985049 0.000010
0.022582 0.977408 0.000010
0.000010 0.995340 0.004650
0.000010 0.999980 0.000010
0.000010 0.999980 0.000010
0.021389 0.967818 0.010792
0.000010 0.999980 0.000010
0.015879 0.984111 0.000010
0.036016 0.963974 0.000010
0.000010 0.999980 0.000010
0.000010 0.999980 0.000010
0.384503 0.035613 0.579885
0.449788 0.081697 0.468515
0.418320 0.091584 0.490095
0.447206 0.000010 0.552784
0.513991 0.000010 0.485999
0.441979 0.045170 0.512851
0.457062 0.063539 0.479399
0.455396 0.083840 0.460764
0.405113 0.065977 0.528910
0.428155 0.018771 0.553074
0.419999 0.015525 0.564477
0.387691 0.047559 0.564749
0.471182 0.062296 0.466521
0.479575 0.007911 0.512514
0.422663 0.000010 0.577327
0.444510 0.023661 0.531829
0.459885 0.000010 0.540105
0.017479 0.982511 0.000010
0.033052 0.966938 0.000010
0.000010 0.999980 0.000010
0.000010 0.999980 0.000010
0.000010 0.999980 0.000010
0.000010 0.999980 0.000010
0.002903 0.980403 0.016694
0.000010 0.999980 0.000010
0.000010 0.999980 0.000010
0.000010 0.944726 0.055264
0.000010 0.999980 0.000010
0.000010 0.967192 0.032798
0.000010 0.999980 0.000010
0.000010 0.999980 0.000010
0.000010 0.999980 0.000010
0.000010 0.984712 0.015278
0.000010 0.999980 0.000010
0.000010 0.985235 0.014755
0.000010 0.999980 0.000010
0.000010 0.999980 0.000010
0.000019 0.999971 0.000010
0.000010 0.999980 0.000010
0.000010 0.999980 0.000010
0.000010 0.999980 0.000010
0.029271 0.970719 0.000010
0.000010 0.986439 0.013551
0.023995 0.975995 0.000010
0.000010 0.999980 0.000010
0.006671 0.980968 0.012360
0.000010 0.999980 0.000010
0.000010 0.999980 0.000010
0.000010 0.999980 0.000010
0.000010 0.999980 0.000010
0.000010 0.999980 0.000010
0.000010 0.999980 0.000010
0.000010 0.999980 0.000010
0.000010 0.995227 0.004763
0.000010 0.993609 0.006381
0.000010 0.999980 0.000010
0.000010 0.998047 0.001943
0.000010 0.999980 0.000010
0.000010 0.996500 0.003490
0.000010 0.999980 0.000010
0.000010 0.999980 0.000010
0.000010 0.999980 0.000010
0.000010 0.999980 0.000010
0.000010 0.991284 0.008706
0.000010 0.999980 0.000010
0.000010 0.999980 0.000010
0.000010 0.999980 0.000010
0.000010 0.999980 0.000010
0.000010 0.999980 0.000010
0.000010 0.999980 0.000010
0.000010 0.999980 0.000010
0.000010 0.999980 0.000010
0.013792 0.986198 0.000010
0.013959 0.986031 0.000010
0.000010 0.999980 0.000010
0.000010 0.999980 0.000010
0.000010 0.999980 0.000010
0.000010 0.999980 0.000010
0.000010 0.999980 0.000010
0.000010 0.999980 0.000010
0.000010 0.999980 0.000010
0.000010 0.999980 0.000010
0.000010 0.999980 0.000010
0.000010 0.999980 0.000010
0.000010 0.999980 0.000010
0.000010 0.999980 0.000010
0.000010 0.999980 0.000010
