0.000010 0.000010 0.137500 0.862450 0.000010 0.000010 0.000010
0.000010 0.000010 0.027714 0.901253 0.000010 0.070992 0.000010
0.000010 0.115948 0.000010 0.875274 0.000117 0.000010 0.008631
0.000010 0.000010 0.028384 0.868651 0.000010 0.012293 0.090641
0.000012 0.000010 0.000010 0.874750 0.000010 0.000010 0.125199
0.048692 0.060263 0.000010 0.891005 0.000010 0.000010 0.000010
0.044538 0.000010 0.062033 0.893390 0.000010 0.000010 0.000010
0.001337 0.040690 0.000010 0.843717 0.000010 0.000010 0.114226
0.000010 0.000010 0.099272 0.892653 0.000010 0.008035 0.000010
0.068974 0.000873 0.000010 0.878812 0.000010 0.000010 0.051311
0.031323 0.894210 0.000010 0.000172 0.064732 0.009543 0.000010
0.000010 0.965298 0.000010 0.000010 0.000010 0.012227 0.022435
0.000010 0.921105 0.052088 0.000010 0.000010 0.000010 0.026767
0.000010 0.950112 0.000010 0.000220 0.000010 0.036099 0.013540
0.000010 0.911226 0.000010 0.000010 0.051644 0.037090 0.000010
0.000010 0.825680 0.000010 0.000010 0.114972 0.015133 0.044185
0.000010 0.927796 0.000010 0.000010 0.012461 0.006573 0.053141
0.000010 0.982970 0.000010 0.000010 0.000010 0.011734 0.005256
0.000010 0.929983 0.000010 0.001072 0.041051 0.027865 0.000010
0.000010 0.999940 0.000010 0.000010 0.000010 0.000010 0.000010
0.000010 0.983367 0.000010 0.000010 0.000010 0.000010 0.016583
0.000010 0.905661 0.000010 0.000010 0.028853 0.065446 0.000010
0.000010 0.870912 0.000010 0.000010 0.000010 0.033203 0.095846
0.000010 0.884943 0.000010 0.000010 0.077959 0.017445 0.019623
0.000010 0.853463 0.000010 0.000458 0.078638 0.067410 0.000010
0.000010 0.910374 0.000010 0.000010 0.031079 0.023991 0.034525
0.000010 0.958058 0.006519 0.000010 0.000010 0.000010 0.035383
0.000010 0.870174 0.000010 0.000010 0.129776 0.000010 0.000010
0.000010 0.909487 0.000010 0.000010 0.064385 0.002164 0.023935
0.008119 0.918045 0.000010 0.000010 0.000010 0.059772 0.014034
0.014056 0.886365 0.000010 0.000010 0.095068 0.004481 0.000010
0.000010 0.959801 0.000010 0.000010 0.000010 0.000010 0.040149
0.000010 0.950263 0.000010 0.000010 0.027755 0.002052 0.019899
0.000010 0.967245 0.000010 0.000010 0.000010 0.020726 0.011989
0.000010 0.917339 0.000010 0.000010 0.056316 0.000010 0.026305
0.014892 0.972331 0.000010 0.000010 0.000010 0.012737 0.000010
0.000010 0.994128 0.000010 0.000010 0.000010 0.000010 0.005822
0.000010 0.956212 0.000010 0.000010 0.000010 0.000010 0.043738
0.041898 0.907711 0.000010 0.000010 0.000010 0.050352 0.000010
0.029473 0.933218 0.000010 0.000010 0.024136 0.000010 0.013143
0.000010 0.865550 0.000010 0.000010 0.087339 0.015259 0.031822
0.000010 0.969049 0.000010 0.001253 0.011250 0.000010 0.018417
0.000010 0.967419 0.002192 0.000010 0.000010 0.000010 0.030350
0.000669 0.948608 0.012724 0.002212 0.000010 0.005813 0.029964
0.000010 0.952152 0.000010 0.000010 0.010800 0.036970 0.000048
0.000010 0.896010 0.000010 0.001096 0.076719 0.010008 0.016147
0.004281 0.904025 0.000010 0.001334 0.058082 0.000307 0.031962
0.011232 0.935818 0.000010 0.000010 0.000010 0.011435 0.041485
0.000010 0.910303 0.000010 0.000986 0.021236 0.013259 0.054196
0.000010 0.835512 0.000010 0.000010 0.084221 0.071078 0.009158
0.000010 0.932419 0.000010 0.000010 0.027606 0.015592 0.024354
0.000010 0.981986 0.000010 0.000010 0.000010 0.000010 0.017964
0.000010 0.857992 0.000010 0.000010 0.110958 0.022519 0.008501
0.000010 0.881189 0.000010 0.000010 0.072601 0.026453 0.019727
0.000010 0.923830 0.000010 0.000010 0.053592 0.000010 0.022539
0.016576 0.911848 0.000010 0.000010 0.000010 0.010293 0.061252
0.030183 0.914164 0.000010 0.000010 0.010465 0.000010 0.045158
0.000010 0.939751 0.000010 0.000010 0.060199 0.000010 0.000010
0.000010 0.892377 0.000010 0.003189 0.054714 0.044482 0.005217
0.000010 0.976976 0.000010 0.000010 0.000010 0.000010 0.022974
0.000010 0.862053 0.000100 0.002061 0.079197 0.056569 0.000010
0.000010 0.912840 0.000010 0.000010 0.048042 0.015011 0.024077
0.007186 0.893532 0.000010 0.001522 0.085451 0.002444 0.009855
0.012511 0.889439 0.000010 0.000010 0.079468 0.008958 0.009605
0.000010 0.997081 0.000010 0.000010 0.000010 0.002869 0.000010
0.007246 0.900340 0.010592 0.000271 0.051810 0.007434 0.022307
0.054610 0.880416 0.000010 0.000010 0.000010 0.043536 0.021407
0.104607 0.795672 0.000010 0.002769 0.030147 0.061000 0.005796
0.000010 0.831107 0.000010 0.000010 0.066489 0.075643 0.026730
0.048128 0.887028 0.000010 0.002796 0.000010 0.049306 0.012723
0.030822 0.873308 0.000010 0.002657 0.011799 0.012834 0.068570
0.084099 0.915851 0.000010 0.000010 0.000010 0.000010 0.000010
0.113933 0.826687 0.000010 0.000969 0.017181 0.018779 0.022442
0.000010 0.905804 0.000010 0.000010 0.000010 0.056333 0.037823
0.045709 0.898476 0.012270 0.000010 0.000010 0.026369 0.017157
0.040354 0.805185 0.000010 0.002443 0.064248 0.082798 0.004962
0.065171 0.810852 0.000010 0.000980 0.103956 0.000010 0.019021
0.019052 0.770691 0.000010 0.000010 0.045764 0.076514 0.087959
0.007635 0.837194 0.000010 0.005812 0.008071 0.091504 0.049776
0.065181 0.725704 0.000010 0.001338 0.076707 0.127169 0.003891
0.012572 0.819718 0.000010 0.001560 0.144434 0.000010 0.021695
0.059189 0.884997 0.000010 0.002143 0.000010 0.009294 0.044356
0.017901 0.831076 0.000970 0.000010 0.129776 0.000010 0.020256
0.000010 0.945871 0.000010 0.000010 0.019540 0.006770 0.027789
0.000010 0.856991 0.000010 0.000010 0.103889 0.023030 0.016059
0.000010 0.954954 0.000010 0.000010 0.000010 0.019039 0.025968
0.000010 0.858740 0.000010 0.000010 0.131697 0.000010 0.009522
0.000010 0.899043 0.000010 0.000010 0.049026 0.008506 0.043395
0.000010 0.909897 0.000010 0.000501 0.028266 0.013005 0.048310
0.000010 0.904168 0.000010 0.000010 0.013557 0.041168 0.041076
0.000010 0.891807 0.000010 0.000010 0.073732 0.030923 0.003507
0.000010 0.940549 0.000010 0.000010 0.025419 0.017102 0.016900
0.013802 0.898707 0.000010 0.000010 0.072371 0.012681 0.002419
0.005802 0.872632 0.015388 0.000010 0.063350 0.000010 0.042808
0.000010 0.936306 0.000010 0.000010 0.000010 0.063644 0.000010
0.000010 0.976458 0.005280 0.000010 0.000010 0.000010 0.018222
0.000310 0.904869 0.019155 0.001111 0.053125 0.011830 0.009600
0.000010 0.868578 0.000010 0.003837 0.095013 0.029744 0.002808
0.000010 0.955488 0.002518 0.000010 0.024000 0.017964 0.000010
0.000010 0.867189 0.000010 0.000010 0.094284 0.034342 0.004155
0.000010 0.945731 0.000010 0.000010 0.036884 0.003644 0.013711
0.000010 0.943521 0.000010 0.000010 0.017989 0.038450 0.000010
0.000010 0.866693 0.000010 0.000148 0.093275 0.020135 0.019729
0.000010 0.964329 0.000010 0.002854 0.000010 0.018101 0.014686
0.000010 0.895883 0.000010 0.000010 0.012109 0.062730 0.029249
0.003633 0.889123 0.000010 0.000010 0.105491 0.001723 0.000010
0.054370 0.824557 0.026603 0.000010 0.094440 0.000010 0.000010
0.000010 0.970219 0.000010 0.002418 0.000010 0.023457 0.003876
0.000010 0.986082 0.000010 0.000010 0.000010 0.000010 0.013868
0.000010 0.942670 0.000010 0.000010 0.000010 0.039174 0.018116
0.025659 0.910084 0.000010 0.000010 0.021909 0.002451 0.039877
0.004300 0.876729 0.000010 0.000010 0.088275 0.007593 0.023083
0.000010 0.782645 0.000010 0.000010 0.161106 0.056209 0.000010
0.000010 0.930579 0.000010 0.001093 0.035108 0.033189 0.000010
0.034554 0.876256 0.000010 0.000010 0.054432 0.034728 0.000010
0.010954 0.844609 0.000010 0.000819 0.000010 0.112588 0.031010
0.048614 0.774763 0.000010 0.003092 0.112679 0.060833 0.000010
0.000010 0.823206 0.000010 0.000010 0.000010 0.129849 0.046905
0.081050 0.789452 0.016271 0.001017 0.032113 0.027553 0.052544
0.070475 0.825731 0.000010 0.002209 0.032679 0.036236 0.032659
0.000011 0.885615 0.000010 0.002538 0.043108 0.044622 0.024096
0.001088 0.863229 0.000010 0.001282 0.033130 0.079731 0.021529
0.068039 0.758397 0.006191 0.000010 0.107321 0.060032 0.000010
0.019691 0.786144 0.000010 0.001190 0.109236 0.041561 0.042169
0.000010 0.843798 0.000010 0.000679 0.047385 0.084117 0.024001
0.000010 0.918849 0.000010 0.002331 0.019512 0.011988 0.047301
0.064473 0.893298 0.012453 0.000868 0.000010 0.024506 0.004393
0.025546 0.837298 0.000010 0.001948 0.029980 0.033736 0.071482
0.040199 0.881787 0.000010 0.000010 0.035423 0.015158 0.027412
0.036904 0.874592 0.000010 0.000317 0.000010 0.088157 0.000010
0.019899 0.892242 0.000010 0.002728 0.000010 0.060854 0.024257
0.034369 0.731739 0.000010 0.001305 0.171486 0.057612 0.003479
0.110738 0.851312 0.000010 0.001282 0.000010 0.002872 0.033776
0.035430 0.881233 0.000010 0.003063 0.000010 0.043302 0.036952
0.034064 0.833048 0.000010 0.000010 0.015356 0.076316 0.041196
0.047447 0.823263 0.000010 0.002735 0.000010 0.057147 0.069388
0.066216 0.845579 0.000010 0.000041 0.000010 0.036077 0.052067
0.034343 0.849385 0.000010 0.000310 0.000010 0.037081 0.078862
0.000010 0.869676 0.000010 0.000580 0.047908 0.069143 0.012673
0.027554 0.870578 0.000010 0.002770 0.000010 0.074191 0.024887
0.104391 0.863843 0.000010 0.000010 0.000010 0.007662 0.024074
0.026873 0.946129 0.000010 0.003665 0.000010 0.004337 0.018976
0.053494 0.827380 0.000010 0.002243 0.065546 0.035478 0.015849
0.119768 0.838546 0.000010 0.002417 0.000010 0.039239 0.000010
0.027407 0.893186 0.000010 0.001770 0.009288 0.005688 0.062652
0.060771 0.800454 0.000010 0.003414 0.049478 0.069235 0.016639
0.000010 0.744217 0.000010 0.003890 0.180901 0.053792 0.017180
0.166477 0.819526 0.000010 0.003680 0.000010 0.010286 0.000010
0.085171 0.882517 0.000010 0.002419 0.028953 0.000920 0.000010
0.081738 0.835319 0.020998 0.000010 0.029250 0.000010 0.032676
0.072504 0.910186 0.000010 0.000516 0.001620 0.008904 0.006260
0.020628 0.813327 0.000010 0.003088 0.072684 0.030611 0.059651
0.027487 0.863136 0.000010 0.000636 0.032751 0.030828 0.045151
0.000010 0.871437 0.000010 0.006061 0.000010 0.068162 0.054310
0.039356 0.838246 0.000823 0.000010 0.000010 0.048531 0.073025
0.051372 0.804922 0.000010 0.000680 0.085078 0.035581 0.022356
0.062788 0.917599 0.000010 0.004107 0.000010 0.015476 0.000010
0.074438 0.761870 0.000010 0.000892 0.046878 0.091918 0.023995
0.025409 0.844213 0.011621 0.000010 0.063704 0.042272 0.012772
0.039325 0.894739 0.000010 0.002486 0.000010 0.034531 0.028899
0.000010 0.810037 0.000010 0.007309 0.056059 0.073732 0.052844
0.050549 0.903061 0.000010 0.002262 0.000010 0.000010 0.044097
0.000010 0.858368 0.000010 0.002226 0.000010 0.018277 0.121099
0.073448 0.827530 0.000010 0.004702 0.007687 0.055404 0.031219
0.083604 0.876461 0.000010 0.000014 0.021751 0.004031 0.014129
0.131607 0.848180 0.000010 0.006090 0.000010 0.000010 0.014093
0.077231 0.856688 0.000010 0.002893 0.018500 0.043501 0.001178
0.000010 0.911124 0.000010 0.000760 0.049907 0.000941 0.037248
0.047035 0.868391 0.000010 0.000142 0.039528 0.026693 0.018201
0.103563 0.811507 0.000010 0.000638 0.000010 0.030968 0.053303
0.122848 0.794170 0.000010 0.000010 0.000010 0.063132 0.019820
0.042697 0.920550 0.000010 0.000010 0.000010 0.013247 0.023475
0.059237 0.778684 0.000010 0.001584 0.073430 0.000010 0.087045
0.025352 0.869007 0.000010 0.002740 0.000010 0.087894 0.014986
0.066725 0.867365 0.000010 0.000654 0.000010 0.012788 0.052448
0.029989 0.880765 0.000010 0.000010 0.000010 0.089207 0.000010
0.061703 0.840362 0.000010 0.000010 0.047626 0.000010 0.050279
0.020470 0.846769 0.000010 0.002953 0.067612 0.026588 0.035597
0.065327 0.877580 0.000010 0.000010 0.057053 0.000010 0.000010
0.031005 0.765724 0.000010 0.002328 0.126512 0.044250 0.030172
0.082231 0.852227 0.000010 0.000010 0.000048 0.051694 0.013779
0.077022 0.851961 0.000010 0.003443 0.000303 0.058032 0.009228
0.040394 0.812927 0.020220 0.000010 0.044142 0.000010 0.082297
0.098388 0.793319 0.000010 0.001180 0.069162 0.034314 0.003627
0.036568 0.818841 0.000010 0.000701 0.040896 0.067549 0.035434
0.087451 0.875992 0.000010 0.000010 0.036517 0.000010 0.000010
0.089486 0.827840 0.000010 0.002506 0.000010 0.043254 0.036893
0.063579 0.859413 0.000010 0.000010 0.002707 0.000010 0.074272
0.037411 0.802739 0.000010 0.003002 0.026131 0.061171 0.069536
0.063494 0.868428 0.000010 0.000010 0.061922 0.000010 0.006126
0.038846 0.844256 0.000010 0.000306 0.017006 0.040366 0.059211
0.052920 0.872785 0.009291 0.001376 0.000010 0.060598 0.003021
0.082921 0.882183 0.000010 0.000010 0.000010 0.034855 0.000010
0.028037 0.907699 0.000010 0.003458 0.037228 0.014444 0.009124
0.059065 0.865292 0.000010 0.002696 0.000010 0.047667 0.025259
0.049864 0.878954 0.000010 0.005371 0.024705 0.000010 0.041086
0.997818 0.000010 0.000010 0.000010 0.000010 0.000010 0.002132
0.953226 0.000010 0.000010 0.000010 0.000010 0.000010 0.046724
0.967363 0.000010 0.000010 0.000010 0.000010 0.000010 0.032587
0.953233 0.000010 0.000010 0.000010 0.000010 0.000010 0.046717
0.936630 0.000010 0.000702 0.000010 0.000010 0.000010 0.062629
0.965964 0.000010 0.000010 0.000010 0.000010 0.000010 0.033986
0.999940 0.000010 0.000010 0.000010 0.000010 0.000010 0.000010
0.980840 0.000010 0.000010 0.000010 0.000010 0.000010 0.019110
0.987041 0.000010 0.000010 0.000010 0.000010 0.000010 0.012909
0.957812 0.000010 0.000010 0.000010 0.000010 0.002855 0.039293
0.983168 0.000010 0.000010 0.000010 0.000011 0.000010 0.016781
0.990686 0.000010 0.000010 0.000010 0.000010 0.000010 0.009264
0.999940 0.000010 0.000010 0.000010 0.000010 0.000010 0.000010
0.999940 0.000010 0.000010 0.000010 0.000010 0.000010 0.000010
0.980320 0.000010 0.000010 0.000010 0.000010 0.000010 0.019630
0.969012 0.000010 0.000010 0.000010 0.000010 0.000010 0.030938
0.964185 0.000010 0.000010 0.000010 0.000010 0.000010 0.035765
0.999940 0.000010 0.000010 0.000010 0.000010 0.000010 0.000010
0.961713 0.000010 0.000010 0.000010 0.000010 0.023504 0.014743
0.995644 0.000010 0.000010 0.000010 0.000010 0.000010 0.004306
0.999940 0.000010 0.000010 0.000010 0.000010 0.000010 0.000010
0.995310 0.000010 0.000010 0.000010 0.000010 0.000010 0.004640
0.999940 0.000010 0.000010 0.000010 0.000010 0.000010 0.000010
0.963010 0.000010 0.000010 0.000010 0.000010 0.036940 0.000010
0.999940 0.000010 0.000010 0.000010 0.000010 0.000010 0.000010
0.978309 0.000010 0.000010 0.000010 0.000010 0.021641 0.000010
0.961827 0.000010 0.000010 0.000010 0.000010 0.000010 0.038123
0.999940 0.000010 0.000010 0.000010 0.000010 0.000010 0.000010
0.999100 0.000010 0.000010 0.000010 0.000010 0.000010 0.000850
0.999940 0.000010 0.000010 0.000010 0.000010 0.000010 0.000010
0.975895 0.000010 0.000010 0.000010 0.000010 0.000010 0.024055
0.999940 0.000010 0.000010 0.000010 0.000010 0.000010 0.000010
0.996338 0.000010 0.000010 0.000010 0.000010 0.003612 0.000010
0.963209 0.000010 0.000010 0.000010 0.000010 0.000010 0.036741
0.978531 0.000010 0.000010 0.000010 0.000010 0.000010 0.021419
0.999940 0.000010 0.000010 0.000010 0.000010 0.000010 0.000010
0.992248 0.000010 0.006081 0.000010 0.000010 0.000010 0.001631
0.996848 0.000010 0.000010 0.000010 0.000010 0.000010 0.003102
0.975687 0.000010 0.024263 0.000010 0.000010 0.000010 0.000010
0.981344 0.000010 0.000010 0.000010 0.000010 0.000010 0.018606
0.999940 0.000010 0.000010 0.000010 0.000010 0.000010 0.000010
0.999940 0.000010 0.000010 0.000010 0.000010 0.000010 0.000010
0.988682 0.000010 0.000010 0.000010 0.000010 0.000010 0.011268
0.993729 0.000010 0.000010 0.000010 0.000010 0.000010 0.006221
0.999940 0.000010 0.000010 0.000010 0.000010 0.000010 0.000010
0.977236 0.000010 0.000010 0.000010 0.000010 0.022714 0.000010
0.995960 0.000010 0.000010 0.000010 0.000010 0.003990 0.000010
0.966731 0.000010 0.000010 0.000010 0.000010 0.000010 0.033219
0.999940 0.000010 0.000010 0.000010 0.000010 0.000010 0.000010
0.989834 0.000010 0.000010 0.000010 0.000010 0.000010 0.010116
0.993581 0.000010 0.000010 0.000010 0.000010 0.000010 0.006369
0.999940 0.000010 0.000010 0.000010 0.000010 0.000010 0.000010
0.992311 0.000010 0.000010 0.000010 0.000010 0.000010 0.007639
0.951112 0.000010 0.000010 0.000010 0.000010 0.000010 0.048838
0.943017 0.000010 0.000010 0.000010 0.027224 0.000010 0.029719
0.983743 0.000010 0.000010 0.000010 0.000010 0.016207 0.000010
0.983641 0.000010 0.000010 0.000010 0.000010 0.000010 0.016309
0.970306 0.000010 0.000010 0.000010 0.000010 0.000010 0.029644
0.962096 0.000010 0.000010 0.000010 0.000010 0.000010 0.037854
0.958896 0.000010 0.000010 0.000010 0.000010 0.000010 0.041054
0.998698 0.000010 0.000010 0.000010 0.000010 0.001252 0.000010
0.969048 0.000010 0.000010 0.000010 0.000010 0.000010 0.030902
0.977013 0.000010 0.000010 0.000010 0.000010 0.000010 0.022937
0.998296 0.000010 0.000010 0.000010 0.000010 0.000010 0.001654
0.993362 0.000010 0.000010 0.000010 0.000010 0.000010 0.006588
0.990700 0.000010 0.000010 0.000010 0.000010 0.000010 0.009250
0.976606 0.000010 0.000010 0.000010 0.000010 0.000010 0.023344
0.968689 0.000010 0.000010 0.000010 0.000010 0.000010 0.031261
0.000010 0.732096 0.075753 0.000010 0.000010 0.119388 0.072733
0.009446 0.759419 0.084771 0.000010 0.032125 0.102585 0.011644
0.026341 0.586531 0.217707 0.000010 0.018639 0.150761 0.000010
0.000010 0.708539 0.081821 0.000010 0.038059 0.151702 0.019859
0.000010 0.661573 0.154787 0.000010 0.013342 0.156347 0.013930
0.991910 0.000010 0.000010 0.000010 0.000010 0.000010 0.008040
0.960908 0.000010 0.000010 0.000010 0.000010 0.000010 0.039042
0.999940 0.000010 0.000010 0.000010 0.000010 0.000010 0.000010
0.999940 0.000010 0.000010 0.000010 0.000010 0.000010 0.000010
0.953977 0.000010 0.000010 0.000010 0.000010 0.000010 0.045973
0.977237 0.000010 0.000010 0.000010 0.000010 0.000010 0.022713
0.999940 0.000010 0.000010 0.000010 0.000010 0.000010 0.000010
0.993510 0.000010 0.000010 0.000010 0.000010 0.006440 0.000010
0.993595 0.000010 0.000010 0.000010 0.000010 0.006355 0.000010
0.986059 0.000010 0.000010 0.000010 0.000010 0.000010 0.013891
0.952915 0.000010 0.009444 0.000010 0.000010 0.000010 0.037601
0.962237 0.000010 0.000010 0.000010 0.000010 0.000010 0.037713
0.951791 0.000010 0.000010 0.000010 0.000010 0.000010 0.048159
0.973822 0.000010 0.000010 0.000010 0.000010 0.000010 0.026128
0.960417 0.000010 0.000010 0.000010 0.000010 0.000010 0.039533
0.955478 0.000011 0.000010 0.000010 0.000010 0.000010 0.044472
0.971598 0.000010 0.000010 0.000010 0.000010 0.000010 0.028352
0.960900 0.000010 0.000010 0.000010 0.000010 0.000010 0.039050
0.999940 0.000010 0.000010 0.000010 0.000010 0.000010 0.000010
0.991201 0.000010 0.008749 0.000010 0.000010 0.000010 0.000010
0.999940 0.000010 0.000010 0.000010 0.000010 0.000010 0.000010
0.977300 0.012761 0.000010 0.000010 0.009899 0.000010 0.000010
0.983249 0.000010 0.000010 0.000010 0.000010 0.003070 0.013641
0.979902 0.000010 0.000010 0.000010 0.000010 0.000010 0.020048
0.990264 0.000010 0.005362 0.000010 0.000010 0.000010 0.004334
0.980810 0.000010 0.000010 0.000010 0.000010 0.019140 0.000010
0.999940 0.000010 0.000010 0.000010 0.000010 0.000010 0.000010
0.978658 0.000010 0.000010 0.000010 0.000010 0.000010 0.021292
0.980119 0.000010 0.000010 0.000010 0.000010 0.019831 0.000010
0.944396 0.000010 0.000010 0.000010 0.000083 0.000010 0.055481
0.999940 0.000010 0.000010 0.000010 0.000010 0.000010 0.000010
0.963321 0.000010 0.000010 0.000010 0.000010 0.000010 0.036629
0.981007 0.000010 0.000010 0.000010 0.000010 0.000010 0.018943
0.999940 0.000010 0.000010 0.000010 0.000010 0.000010 0.000010
0.999940 0.000010 0.000010 0.000010 0.000010 0.000010 0.000010
0.950623 0.000010 0.000010 0.000010 0.000010 0.000010 0.049327
0.985038 0.000010 0.000010 0.000010 0.014912 0.000010 0.000010
0.988853 0.000010 0.000010 0.000010 0.000010 0.000010 0.011097
0.994166 0.000010 0.000010 0.000010 0.000010 0.005784 0.000010
0.929359 0.007925 0.000010 0.000010 0.000010 0.000010 0.062676
0.969720 0.005477 0.000010 0.000010 0.000010 0.000010 0.024763
0.979631 0.000010 0.000010 0.000010 0.020319 0.000010 0.000010
0.962168 0.000010 0.000010 0.000010 0.000010 0.000010 0.037782
0.920969 0.000010 0.000010 0.000010 0.000010 0.000010 0.078981
0.978846 0.000010 0.000010 0.000010 0.000010 0.000010 0.021104
0.920419 0.000010 0.000010 0.000010 0.000010 0.000010 0.079531
0.965590 0.000010 0.000010 0.000010 0.000010 0.000010 0.034360
0.957786 0.000010 0.000010 0.000010 0.000010 0.020098 0.022077
0.978644 0.000010 0.000010 0.000010 0.000010 0.000010 0.021306
0.999940 0.000010 0.000010 0.000010 0.000010 0.000010 0.000010
0.959386 0.000010 0.000010 0.000010 0.000010 0.017268 0.023306
0.959274 0.000010 0.006577 0.000010 0.000010 0.000010 0.034109
0.970278 0.000010 0.000010 0.000010 0.000010 0.000010 0.029672
0.931087 0.000010 0.000010 0.000010 0.000010 0.013809 0.055064
0.007936 0.581816 0.188994 0.000557 0.030643 0.149907 0.040147
0.000010 0.530650 0.217152 0.000010 0.065924 0.140614 0.045641
0.000010 0.611686 0.123187 0.000010 0.049916 0.141084 0.074106
0.000010 0.723778 0.082233 0.000033 0.008001 0.170431 0.015512
0.001772 0.714994 0.092027 0.000010 0.000010 0.191178 0.000010
0.006179 0.675691 0.071149 0.000657 0.041502 0.204813 0.000010
0.960033 0.000010 0.000010 0.000010 0.000010 0.000010 0.039917
0.976626 0.000010 0.000010 0.000010 0.000010 0.000010 0.023324
0.953860 0.000010 0.000010 0.000010 0.000010 0.000010 0.046090
0.984007 0.000010 0.012644 0.000010 0.003309 0.000010 0.000010
0.940527 0.000010 0.000010 0.000010 0.015580 0.000010 0.043854
0.955731 0.000010 0.005883 0.000010 0.009718 0.000010 0.028639
0.993553 0.000010 0.000010 0.000010 0.000010 0.000010 0.006397
0.970062 0.000010 0.000010 0.000010 0.000010 0.029888 0.000010
0.997139 0.000010 0.000010 0.000010 0.000010 0.000010 0.002811
0.958572 0.000010 0.000010 0.000010 0.000010 0.000010 0.041378
0.959669 0.000010 0.000010 0.000010 0.005235 0.000010 0.035055
0.991205 0.000010 0.000010 0.000010 0.000010 0.000010 0.008745
0.976674 0.000010 0.000010 0.000010 0.000010 0.000010 0.023276
0.981210 0.000010 0.000010 0.000010 0.000010 0.000010 0.018740
0.979778 0.000010 0.000010 0.000010 0.000010 0.000010 0.020172
0.977946 0.000010 0.000010 0.000010 0.000010 0.000010 0.022004
0.999940 0.000010 0.000010 0.000010 0.000010 0.000010 0.000010
0.998765 0.000010 0.000010 0.000010 0.001185 0.000010 0.000010
0.990068 0.000010 0.009882 0.000010 0.000010 0.000010 0.000010
0.999940 0.000010 0.000010 0.000010 0.000010 0.000010 0.000010
0.984628 0.000010 0.000010 0.000010 0.000010 0.015322 0.000010
0.974054 0.000010 0.000010 0.000010 0.000010 0.009887 0.016020
0.995978 0.000010 0.000010 0.000010 0.000010 0.000010 0.003972
0.977247 0.000010 0.000010 0.000010 0.000010 0.000010 0.022703
0.979269 0.000010 0.000010 0.000010 0.000010 0.011745 0.008946
0.999940 0.000010 0.000010 0.000010 0.000010 0.000010 0.000010
0.999940 0.000010 0.000010 0.000010 0.000010 0.000010 0.000010
0.997702 0.000010 0.000010 0.000010 0.000010 0.000010 0.002248
0.999940 0.000010 0.000010 0.000010 0.000010 0.000010 0.000010
0.954198 0.000010 0.000010 0.000010 0.000010 0.000010 0.045752
0.999940 0.000010 0.000010 0.000010 0.000010 0.000010 0.000010
0.965469 0.000010 0.000010 0.000010 0.000010 0.000010 0.034481
0.996836 0.000010 0.000010 0.000010 0.000010 0.003114 0.000010
0.993098 0.000010 0.000010 0.000010 0.000010 0.000010 0.006852
0.999940 0.000010 0.000010 0.000010 0.000010 0.000010 0.000010
0.990683 0.000010 0.000010 0.000010 0.000010 0.000010 0.009267
0.975536 0.000010 0.000010 0.000010 0.000010 0.007975 0.016449
0.996448 0.000010 0.000010 0.000010 0.000010 0.000010 0.003502
0.999940 0.000010 0.000010 0.000010 0.000010 0.000010 0.000010
0.933802 0.000010 0.000010 0.000010 0.000010 0.000010 0.066148
0.999940 0.000010 0.000010 0.000010 0.000010 0.000010 0.000010
0.000010 0.756782 0.051513 0.000010 0.113650 0.078026 0.000010
0.000010 0.747885 0.064334 0.000010 0.046698 0.141053 0.000010
0.019556 0.783884 0.057458 0.000010 0.042952 0.096130 0.000010
0.000010 0.641087 0.125224 0.000010 0.000010 0.233649 0.000010
0.015104 0.720374 0.107054 0.000010 0.000010 0.157438 0.000010
0.013816 0.784219 0.061214 0.000010 0.000010 0.053565 0.087165
0.000010 0.732662 0.144339 0.000010 0.000010 0.122959 0.000010
0.000010 0.714499 0.112060 0.001366 0.000010 0.119643 0.052412
0.000010 0.803949 0.076077 0.000010 0.027472 0.072578 0.019904
0.000010 0.725589 0.105305 0.000010 0.000010 0.169066 0.000010
0.000010 0.770109 0.072492 0.000010 0.016174 0.127665 0.013541
0.001203 0.717293 0.076390 0.000010 0.091212 0.113882 0.000010
0.009496 0.688610 0.047413 0.000010 0.047249 0.198388 0.008834
0.969473 0.000010 0.000010 0.000010 0.010637 0.000010 0.019850
0.896082 0.000010 0.013125 0.000010 0.000010 0.000010 0.090752
0.951405 0.000010 0.016177 0.000010 0.000010 0.000010 0.032377
0.973009 0.000010 0.013555 0.000010 0.000010 0.000010 0.013395
0.938890 0.000010 0.019831 0.000010 0.000010 0.000010 0.041240
0.999915 0.000010 0.000035 0.000010 0.000010 0.000010 0.000010
0.934302 0.000010 0.000010 0.000010 0.000010 0.024068 0.041590
0.999940 0.000010 0.000010 0.000010 0.000010 0.000010 0.000010
0.984840 0.000010 0.001160 0.000010 0.000010 0.000010 0.013960
0.959950 0.000010 0.000010 0.000010 0.000010 0.000010 0.040000
0.962886 0.000010 0.000010 0.000010 0.000010 0.000010 0.037064
0.952987 0.000010 0.000010 0.000010 0.000010 0.000010 0.046963
0.936421 0.000010 0.011187 0.000010 0.000010 0.000010 0.052353
0.949136 0.000010 0.000010 0.000010 0.000010 0.000010 0.050814
0.970516 0.000010 0.000010 0.000010 0.000010 0.021532 0.007912
0.042633 0.795751 0.072863 0.000010 0.000010 0.088723 0.000010
0.000010 0.675354 0.093151 0.000010 0.071506 0.154199 0.005771
0.000010 0.490339 0.281803 0.000010 0.104654 0.113467 0.009718
0.000010 0.530532 0.202050 0.000010 0.114672 0.152715 0.000010
0.000010 0.511575 0.258649 0.002315 0.000010 0.195208 0.032233
0.017696 0.471113 0.266527 0.000010 0.003839 0.201010 0.039806
0.000010 0.556510 0.230775 0.000010 0.000010 0.212675 0.000010
0.038128 0.675219 0.076920 0.000010 0.000010 0.193355 0.016358
0.037209 0.713327 0.150231 0.000010 0.000010 0.073137 0.026077
0.003443 0.691169 0.137475 0.000010 0.006617 0.124044 0.037241
0.000010 0.657422 0.189175 0.000010 0.000010 0.153364 0.000010
0.041881 0.751039 0.109716 0.000010 0.000010 0.097334 0.000010
0.032413 0.793189 0.055754 0.000687 0.000010 0.117937 0.000010
0.032525 0.762812 0.102273 0.000010 0.000010 0.102361 0.000010
0.000010 0.397295 0.366297 0.003428 0.040446 0.182188 0.010336
0.000010 0.697043 0.163944 0.001351 0.000010 0.065800 0.071841
0.000010 0.736261 0.098783 0.000010 0.000010 0.164916 0.000010
0.000010 0.692628 0.107781 0.000010 0.000010 0.199550 0.000010
0.000010 0.691512 0.108144 0.000010 0.000010 0.200304 0.000010
0.000010 0.622408 0.146554 0.001499 0.066445 0.148175 0.014910
0.000010 0.715990 0.065548 0.000010 0.042908 0.143604 0.031929
0.000010 0.681471 0.126994 0.000010 0.062103 0.121726 0.007685
0.000010 0.734123 0.085144 0.000010 0.000010 0.168894 0.011810
0.011770 0.651561 0.063883 0.000010 0.092759 0.164538 0.015479
0.000010 0.652217 0.051846 0.000010 0.035383 0.210881 0.049653
0.000010 0.754071 0.144366 0.000010 0.055185 0.046349 0.000010
0.010758 0.603132 0.201777 0.000061 0.000010 0.139438 0.044823
0.021980 0.636505 0.147305 0.001983 0.019298 0.160496 0.012431
0.000010 0.499392 0.086925 0.002435 0.104665 0.268367 0.038206
0.003681 0.608865 0.119888 0.002601 0.000010 0.264944 0.000010
0.000010 0.476504 0.212193 0.000676 0.064209 0.219778 0.026630
0.000010 0.667652 0.104164 0.000010 0.012650 0.215505 0.000010
0.000010 0.609610 0.145476 0.000010 0.065152 0.179732 0.000010
0.023570 0.650719 0.158753 0.000010 0.025690 0.099630 0.041629
0.000010 0.668037 0.078061 0.000010 0.052287 0.201585 0.000010
0.000010 0.680125 0.094369 0.000010 0.005096 0.186683 0.033707
0.000010 0.639864 0.236015 0.000010 0.000010 0.057811 0.066280
0.000010 0.618623 0.186069 0.004000 0.056576 0.116399 0.018322
0.000010 0.568995 0.262475 0.000010 0.000010 0.168490 0.000010
0.000010 0.677367 0.082223 0.000010 0.037017 0.163869 0.039504
0.047164 0.743413 0.086035 0.000010 0.000010 0.098338 0.025030
0.000010 0.783037 0.096322 0.000011 0.000010 0.069918 0.050692
0.000010 0.742269 0.091266 0.000010 0.040648 0.086446 0.039351
0.000010 0.688600 0.180375 0.000010 0.000092 0.130904 0.000010
0.000010 0.692633 0.131245 0.000010 0.051612 0.077940 0.046549
0.000010 0.762379 0.078211 0.000255 0.009048 0.105441 0.044656
0.000010 0.670715 0.158067 0.000010 0.000010 0.146752 0.024437
0.000010 0.739941 0.167192 0.000010 0.000010 0.092827 0.000010
0.002670 0.727486 0.170755 0.000010 0.000010 0.099059 0.000010
0.000010 0.767332 0.069730 0.003324 0.041877 0.117718 0.000010
0.000010 0.759973 0.129626 0.000010 0.015166 0.073644 0.021572
0.000010 0.680155 0.110912 0.002211 0.073075 0.109308 0.024329
0.015083 0.609688 0.252371 0.000010 0.000010 0.097965 0.024873
0.000010 0.251767 0.649730 0.000010 0.000010 0.098463 0.000010
0.010550 0.393467 0.454629 0.000010 0.000010 0.113081 0.028253
0.014785 0.670102 0.131936 0.000058 0.000010 0.169561 0.013547
0.000010 0.674935 0.111022 0.000010 0.000010 0.178007 0.036007
0.000010 0.850240 0.000010 0.000010 0.024304 0.068803 0.056624
0.000010 0.633911 0.004758 0.000010 0.083683 0.271906 0.005723
0.000010 0.687050 0.008530 0.000010 0.052622 0.213266 0.038512
0.000010 0.838174 0.000010 0.001720 0.000010 0.143554 0.016521
0.000010 0.575536 0.000010 0.000010 0.000010 0.380517 0.043907
0.000010 0.627784 0.109707 0.000524 0.000010 0.261954 0.000010
0.000010 0.388396 0.130347 0.001335 0.189020 0.290882 0.000010
0.000010 0.610001 0.076072 0.000010 0.000010 0.279018 0.034880
0.000010 0.491133 0.068845 0.000532 0.099601 0.323861 0.016018
0.000010 0.641223 0.048153 0.000010 0.053345 0.216924 0.040335
0.012718 0.645819 0.054859 0.000010 0.000010 0.286574 0.000010
0.000010 0.783125 0.065703 0.000010 0.000010 0.090974 0.060169
0.000010 0.640306 0.141597 0.000477 0.000010 0.217590 0.000010
0.018660 0.700657 0.096668 0.000010 0.000010 0.183985 0.000010
0.000010 0.617093 0.124781 0.004052 0.000010 0.254044 0.000010
0.074689 0.567438 0.023640 0.000010 0.000010 0.310345 0.023868
0.040974 0.579919 0.063788 0.001152 0.000010 0.295990 0.018167
0.000010 0.407126 0.204768 0.000010 0.074229 0.313847 0.000010
0.005325 0.618691 0.056573 0.000010 0.045059 0.247535 0.026806
0.000010 0.521684 0.205233 0.000010 0.024685 0.248368 0.000010
0.000010 0.431237 0.194497 0.000010 0.000010 0.356217 0.018019
0.019288 0.652432 0.013497 0.001060 0.046020 0.242762 0.024940
0.000010 0.494442 0.100227 0.000010 0.000010 0.393827 0.011474
0.000010 0.592099 0.069041 0.000010 0.038591 0.278237 0.022012
0.043414 0.538659 0.187174 0.000010 0.036341 0.162266 0.032135
0.000010 0.579081 0.064936 0.000010 0.129777 0.219896 0.006290
0.000010 0.624661 0.182372 0.000010 0.017141 0.148029 0.027778
0.000010 0.564002 0.248225 0.000010 0.000010 0.124859 0.062884
0.000010 0.774813 0.034216 0.000010 0.149792 0.041149 0.000010
0.018339 0.685710 0.137240 0.000010 0.063748 0.053534 0.041419
0.000010 0.635307 0.134597 0.000999 0.036280 0.156247 0.036561
0.020202 0.604229 0.167199 0.000998 0.019126 0.188236 0.000010
0.000010 0.603482 0.156947 0.002525 0.046043 0.190982 0.000010
0.004589 0.785293 0.095691 0.002271 0.000010 0.074818 0.037329
0.014473 0.663907 0.111072 0.000010 0.000010 0.121898 0.088631
0.010577 0.727990 0.115644 0.000010 0.000010 0.117368 0.028401
0.000010 0.779286 0.084769 0.000010 0.000010 0.106745 0.029170
0.009603 0.619322 0.055392 0.002192 0.042772 0.246140 0.024578
0.000010 0.774569 0.056288 0.001357 0.000010 0.124004 0.043761
0.000010 0.701728 0.115209 0.000010 0.000010 0.144866 0.038167
0.000010 0.646004 0.105899 0.000010 0.000010 0.234225 0.013842
0.000010 0.640660 0.087763 0.000010 0.000010 0.221869 0.049678
0.000010 0.472556 0.203280 0.000010 0.000010 0.324124 0.000010
0.000010 0.539552 0.267219 0.002044 0.000010 0.191155 0.000010
0.000010 0.472847 0.260496 0.000359 0.014794 0.250032 0.001461
0.006731 0.564011 0.144558 0.000010 0.022116 0.250292 0.012282
0.000010 0.648437 0.097142 0.000010 0.000010 0.210521 0.043869
0.015439 0.658875 0.077292 0.000010 0.009112 0.239262 0.000010
0.009093 0.754841 0.065225 0.000010 0.058896 0.111924 0.000010
0.000010 0.629083 0.184425 0.000010 0.022751 0.138064 0.025656
0.000010 0.751045 0.126999 0.000010 0.054950 0.066976 0.000010
0.040649 0.793932 0.018727 0.000010 0.000010 0.089973 0.056699
0.005171 0.708066 0.184292 0.000010 0.044592 0.057860 0.000010
0.000010 0.690364 0.141274 0.000010 0.000010 0.147411 0.020921
0.000010 0.729191 0.184817 0.000010 0.000010 0.067747 0.018215
0.000010 0.230033 0.720486 0.000010 0.000010 0.049441 0.000010
0.000010 0.422090 0.525743 0.000274 0.000010 0.051864 0.000010
0.000010 0.294351 0.627696 0.000010 0.034476 0.043448 0.000010
0.000010 0.604777 0.166234 0.000772 0.000010 0.217095 0.011101
0.000010 0.800320 0.079060 0.000010 0.000010 0.077541 0.043050
0.000010 0.675816 0.125353 0.000010 0.000010 0.189786 0.009015
0.000010 0.545637 0.120361 0.000010 0.000010 0.271234 0.062738
0.000010 0.631865 0.000010 0.000010 0.075062 0.293033 0.000010
0.000010 0.572482 0.094902 0.000010 0.000010 0.301878 0.030707
0.000010 0.712009 0.048274 0.000010 0.037151 0.182543 0.020004
0.065866 0.469775 0.178473 0.000010 0.061750 0.224116 0.000010
0.004571 0.603290 0.124234 0.000010 0.041004 0.226881 0.000010
0.000010 0.736170 0.000010 0.000010 0.035139 0.144137 0.084525
0.025388 0.623359 0.044564 0.000010 0.000010 0.290653 0.016016
0.031126 0.744356 0.000010 0.000010 0.006852 0.196834 0.020812
0.000010 0.670134 0.000010 0.000010 0.141224 0.122412 0.066201
0.000010 0.421771 0.143198 0.000010 0.000010 0.386578 0.048423
0.000010 0.550499 0.060489 0.000010 0.062112 0.280212 0.046668
0.000010 0.603734 0.032291 0.000010 0.050911 0.260837 0.052206
0.000010 0.496471 0.078419 0.000010 0.119465 0.264611 0.041015
0.000010 0.408257 0.189341 0.000010 0.065775 0.314066 0.022541
0.000010 0.481204 0.156336 0.000010 0.053620 0.308811 0.000010
0.000010 0.616892 0.021553 0.000010 0.013143 0.348382 0.000010
0.000010 0.878367 0.000010 0.000010 0.063120 0.058473 0.000010
0.000010 0.751248 0.000010 0.001043 0.004467 0.243211 0.000010
0.040896 0.540671 0.013586 0.000010 0.018443 0.351950 0.034444
0.000010 0.482271 0.000010 0.000010 0.096300 0.421389 0.000010
0.011403 0.520529 0.031861 0.000010 0.055526 0.380661 0.000010
0.000010 0.616240 0.060728 0.000010 0.000010 0.322992 0.000010
0.042767 0.702835 0.025382 0.000010 0.000010 0.228986 0.000010
0.005705 0.672616 0.110065 0.000010 0.000010 0.209398 0.002195
0.002926 0.468937 0.246002 0.000010 0.102530 0.173709 0.005886
0.000010 0.670418 0.123107 0.000010 0.000010 0.206435 0.000010
0.000010 0.606954 0.125066 0.001498 0.007043 0.212389 0.047039
0.000010 0.640447 0.147875 0.000010 0.003647 0.148867 0.059145
0.000010 0.543622 0.208099 0.000010 0.067642 0.156260 0.024357
0.000586 0.688634 0.151690 0.000010 0.061558 0.082966 0.014556
0.000010 0.721543 0.147385 0.000010 0.000010 0.101489 0.029553
0.000010 0.674300 0.154259 0.000010 0.000010 0.171401 0.000010
0.000010 0.685881 0.166734 0.000010 0.036465 0.079479 0.031420
0.000010 0.709077 0.102332 0.000010 0.000010 0.171228 0.017334
0.000010 0.913046 0.000010 0.000010 0.029390 0.041773 0.015762
0.000010 0.399510 0.008382 0.000010 0.015497 0.527051 0.049539
0.028364 0.309732 0.303488 0.000010 0.096438 0.238340 0.023628
0.018859 0.340201 0.183108 0.000010 0.027957 0.426326 0.003540
0.000010 0.479848 0.108476 0.000010 0.000010 0.411637 0.000010
0.000010 0.709639 0.041516 0.000010 0.000010 0.183829 0.064986
0.000010 0.587375 0.075329 0.000010 0.000010 0.337256 0.000010
0.000010 0.700692 0.000010 0.000211 0.000010 0.220265 0.078802
0.047902 0.488578 0.034126 0.000010 0.032394 0.358471 0.038519
0.000010 0.584948 0.000010 0.001982 0.000010 0.311955 0.101085
0.000010 0.414075 0.024026 0.000010 0.094124 0.467744 0.000010
0.074068 0.643015 0.008378 0.000010 0.078272 0.193577 0.002681
0.094900 0.537097 0.022575 0.000247 0.038805 0.306366 0.000010
0.000010 0.680946 0.024360 0.000010 0.071643 0.223021 0.000010
0.000010 0.811724 0.028919 0.000010 0.000010 0.159317 0.000010
0.000010 0.699424 0.026959 0.000010 0.007639 0.265948 0.000010
0.000010 0.599623 0.020789 0.000010 0.060077 0.294073 0.025418
0.000010 0.660220 0.008682 0.000010 0.012959 0.318109 0.000010
0.000010 0.599724 0.000010 0.000010 0.041356 0.358880 0.000010
0.000010 0.674575 0.045583 0.000010 0.053255 0.185175 0.041392
0.049140 0.563622 0.083860 0.000010 0.077902 0.225456 0.000010
0.008171 0.634890 0.064787 0.000010 0.087175 0.204956 0.000010
0.000010 0.579676 0.091140 0.000010 0.125132 0.169484 0.034547
0.000010 0.447029 0.194790 0.000010 0.052175 0.305975 0.000010
0.000010 0.491671 0.129106 0.000010 0.000010 0.329895 0.049299
0.000010 0.579136 0.104082 0.000020 0.000010 0.251802 0.064940
0.000010 0.525372 0.119700 0.000010 0.000010 0.311987 0.042911
0.000010 0.293039 0.129750 0.000010 0.080308 0.464378 0.032505
0.000010 0.481509 0.076595 0.000010 0.048516 0.351890 0.041470
0.000010 0.669333 0.000010 0.000010 0.095915 0.224404 0.010319
0.000010 0.528155 0.123879 0.000010 0.001076 0.294741 0.052129
0.000010 0.577890 0.044101 0.000010 0.054513 0.211355 0.112121
0.000010 0.518438 0.050254 0.000010 0.095536 0.335742 0.000010
0.000010 0.498457 0.053890 0.000010 0.000010 0.427683 0.019940
0.000010 0.447899 0.083890 0.000010 0.053497 0.414684 0.000010
0.000010 0.660919 0.000010 0.000010 0.154218 0.184823 0.000010
0.010447 0.628922 0.100932 0.000010 0.014559 0.203535 0.041595
0.000010 0.578265 0.055859 0.000738 0.142845 0.218825 0.003457
0.000010 0.782019 0.080877 0.000010 0.000010 0.137064 0.000010
0.000010 0.348734 0.320339 0.002131 0.083434 0.245342 0.000010
0.000010 0.575245 0.222747 0.001672 0.000010 0.200306 0.000010
0.007555 0.605821 0.196173 0.000010 0.044276 0.146155 0.000010
0.058415 0.597995 0.189286 0.000010 0.000010 0.130936 0.023349
0.000010 0.776893 0.068400 0.000010 0.000010 0.106447 0.048230
0.000010 0.647958 0.147595 0.000010 0.000010 0.204406 0.000010
0.003966 0.563071 0.220749 0.000010 0.009404 0.173613 0.029188
0.007206 0.596743 0.195217 0.000010 0.000010 0.184147 0.016667
0.000010 0.578196 0.182454 0.000010 0.020801 0.172462 0.046066
0.024277 0.645712 0.148544 0.000092 0.016521 0.103983 0.060872
0.000010 0.673974 0.081390 0.000730 0.005627 0.223985 0.014284
0.000010 0.605559 0.129357 0.000167 0.000010 0.232585 0.032312
0.000010 0.620299 0.132270 0.000010 0.018283 0.229119 0.000010
0.000010 0.496012 0.122866 0.000010 0.115790 0.218681 0.046631
0.000010 0.671702 0.050882 0.000010 0.001217 0.241187 0.034992
0.000010 0.568152 0.077884 0.000010 0.092129 0.229347 0.032468
0.006774 0.365112 0.059551 0.000010 0.032323 0.525407 0.010822
0.001654 0.752123 0.035940 0.000010 0.000010 0.156862 0.053401
0.016014 0.964192 0.000010 0.002484 0.000010 0.000010 0.017280
0.033041 0.932821 0.018944 0.000010 0.000010 0.000010 0.015164
0.000010 0.641114 0.155849 0.000010 0.000010 0.202997 0.000010
0.000010 0.471283 0.081706 0.000010 0.010562 0.420098 0.016332
0.000010 0.303897 0.000010 0.000010 0.000010 0.681390 0.014673
0.000010 0.503819 0.128710 0.000010 0.000010 0.367431 0.000010
0.000010 0.612836 0.065855 0.000010 0.043227 0.258731 0.019332
0.000010 0.576271 0.054266 0.000011 0.000010 0.359342 0.010091
0.000010 0.437453 0.090357 0.000010 0.000010 0.472150 0.000010
0.000010 0.489053 0.075911 0.000010 0.000010 0.434996 0.000010
0.000010 0.505607 0.063012 0.000010 0.000010 0.422826 0.008525
0.000010 0.308094 0.204539 0.000010 0.068397 0.372246 0.046704
0.000010 0.292835 0.299306 0.000010 0.069856 0.259371 0.078613
0.000010 0.251722 0.276276 0.000010 0.039669 0.377237 0.055076
0.000010 0.409382 0.195887 0.000352 0.000010 0.344884 0.049474
0.021745 0.690724 0.020182 0.002019 0.034750 0.230570 0.000010
0.000010 0.577221 0.126346 0.000010 0.002485 0.293918 0.000010
0.000010 0.697285 0.013705 0.000010 0.019464 0.236586 0.032940
0.000010 0.758802 0.033307 0.000010 0.000010 0.189010 0.018851
0.025691 0.830983 0.025720 0.000010 0.000010 0.085236 0.032350
0.000010 0.304484 0.382770 0.000010 0.002752 0.301545 0.008429
0.000010 0.507583 0.060177 0.000010 0.000010 0.432199 0.000010
0.034808 0.586583 0.160705 0.000010 0.009382 0.208501 0.000010
0.000010 0.854928 0.000010 0.000010 0.000010 0.079936 0.065097
0.000010 0.800560 0.069751 0.000010 0.000010 0.125612 0.004047
0.000010 0.702170 0.044332 0.000010 0.046391 0.207077 0.000010
