0.000010 0.000010 0.136759 0.000010 0.862154 0.000010 0.000023 0.000010 0.001015
0.000010 0.000010 0.021507 0.000010 0.901076 0.000010 0.077357 0.000010 0.000010
0.000938 0.000010 0.000010 0.115306 0.875481 0.008224 0.000010 0.000010 0.000010
0.089813 0.000010 0.022857 0.000010 0.868273 0.000010 0.019008 0.000010 0.000010
0.125616 0.000010 0.000010 0.000010 0.874314 0.000010 0.000010 0.000010 0.000010
0.000010 0.000010 0.000010 0.039964 0.889796 0.000010 0.000010 0.000010 0.070180
0.000010 0.000010 0.045401 0.000010 0.893395 0.000010 0.000010 0.061144 0.000010
0.087276 0.035676 0.000010 0.000010 0.842484 0.000010 0.000010 0.034514 0.000010
0.000010 0.000010 0.092851 0.000010 0.892233 0.000010 0.014856 0.000010 0.000010
0.029788 0.000010 0.000010 0.029293 0.877654 0.000010 0.000010 0.063214 0.000010
0.000010 0.295291 0.000010 0.615559 0.000010 0.062041 0.000010 0.027059 0.000010
0.017912 0.206877 0.000010 0.773038 0.000010 0.000010 0.002123 0.000010 0.000010
0.021790 0.162262 0.065987 0.749910 0.000010 0.000010 0.000010 0.000010 0.000010
0.023722 0.234425 0.000010 0.721554 0.000010 0.000010 0.020250 0.000010 0.000010
0.000010 0.243687 0.000010 0.680165 0.000010 0.042764 0.031523 0.001821 0.000010
0.043015 0.080863 0.000010 0.733756 0.000010 0.135783 0.000010 0.000010 0.006543
0.052093 0.125605 0.000010 0.818892 0.000010 0.003360 0.000010 0.000010 0.000010
0.006296 0.253869 0.000010 0.736448 0.000010 0.000010 0.003336 0.000010 0.000010
0.000010 0.195951 0.000010 0.742151 0.000010 0.044003 0.017846 0.000010 0.000010
0.000010 0.213033 0.000010 0.786897 0.000010 0.000010 0.000010 0.000010 0.000010
0.003559 0.229776 0.000010 0.766606 0.000010 0.000010 0.000010 0.000010 0.000010
0.000010 0.130553 0.000010 0.781258 0.000010 0.035081 0.039357 0.000010 0.013712
0.093648 0.155521 0.000010 0.713691 0.000010 0.000010 0.037090 0.000010 0.000010
0.022144 0.295162 0.000010 0.602866 0.000010 0.073435 0.006353 0.000010 0.000010
0.000010 0.285141 0.000010 0.581470 0.000254 0.073292 0.057045 0.000010 0.002768
0.029254 0.229964 0.000010 0.687505 0.000010 0.037059 0.016178 0.000010 0.000010
0.030263 0.216164 0.011461 0.742062 0.000010 0.000010 0.000010 0.000010 0.000010
0.000010 0.126950 0.000010 0.747213 0.000010 0.125777 0.000010 0.000010 0.000010
0.025470 0.167281 0.000010 0.742694 0.000010 0.064504 0.000010 0.000010 0.000010
0.006830 0.224713 0.000010 0.700505 0.000010 0.000010 0.041267 0.000010 0.026646
0.000010 0.142755 0.000010 0.743087 0.000010 0.102475 0.000010 0.011633 0.000010
0.053615 0.166068 0.000010 0.776811 0.000010 0.003456 0.000010 0.000010 0.000010
0.010391 0.147928 0.000010 0.792409 0.000010 0.049222 0.000010 0.000010 0.000010
0.008744 0.285524 0.000010 0.689129 0.000010 0.000010 0.016553 0.000010 0.000010
0.017032 0.102235 0.000010 0.814139 0.000010 0.066545 0.000010 0.000010 0.000010
0.000010 0.146863 0.000010 0.832218 0.000010 0.000010 0.004313 0.000010 0.016556
0.000010 0.169852 0.000010 0.830078 0.000010 0.000010 0.000010 0.000010 0.000010
0.044677 0.205354 0.000010 0.749908 0.000010 0.000010 0.000010 0.000010 0.000010
0.000010 0.235801 0.000010 0.680734 0.000018 0.000010 0.041569 0.041838 0.000010
0.017986 0.160988 0.000010 0.772506 0.000010 0.022034 0.000010 0.008168 0.018288
0.033418 0.238155 0.000010 0.634958 0.000010 0.088559 0.004871 0.000010 0.000010
0.016608 0.157170 0.000010 0.807838 0.000010 0.018334 0.000010 0.000010 0.000010
0.028688 0.248540 0.008923 0.713799 0.000010 0.000010 0.000010 0.000010 0.000010
0.031133 0.095820 0.025805 0.839848 0.000131 0.000010 0.000010 0.007232 0.000010
0.007758 0.236491 0.000010 0.724152 0.000010 0.012165 0.019395 0.000010 0.000010
0.007999 0.253549 0.000010 0.646462 0.000677 0.080699 0.010584 0.000010 0.000010
0.021088 0.174761 0.000010 0.732397 0.000014 0.051679 0.000010 0.000010 0.020030
0.022777 0.142643 0.000010 0.791983 0.000010 0.027157 0.010186 0.005223 0.000010
0.061986 0.177637 0.000010 0.737212 0.000010 0.023115 0.000010 0.000010 0.000010
0.009449 0.136795 0.000010 0.708275 0.000010 0.087312 0.058129 0.000010 0.000010
0.017079 0.310777 0.000010 0.645408 0.000010 0.006280 0.002587 0.000010 0.017839
0.007514 0.323594 0.000010 0.668833 0.000010 0.000010 0.000010 0.000010 0.000010
0.002930 0.207208 0.004771 0.665479 0.000010 0.107677 0.011905 0.000010 0.000010
0.020706 0.201871 0.000010 0.693782 0.000010 0.065746 0.017855 0.000010 0.000010
0.027508 0.189745 0.000010 0.744490 0.000010 0.038207 0.000010 0.000010 0.000010
0.053643 0.197223 0.000010 0.726372 0.000010 0.000010 0.000010 0.000010 0.022711
0.043319 0.266291 0.000010 0.656990 0.000010 0.003520 0.000010 0.028545 0.001305
0.000010 0.232604 0.000010 0.714211 0.000010 0.053125 0.000010 0.000010 0.000010
0.000010 0.047170 0.000010 0.844822 0.000044 0.056011 0.000010 0.000010 0.051913
0.022612 0.210057 0.000010 0.767272 0.000010 0.000010 0.000010 0.000010 0.000010
0.000010 0.222971 0.004517 0.658112 0.000509 0.061371 0.041504 0.000010 0.010996
0.015608 0.143524 0.000010 0.779675 0.000010 0.057465 0.003687 0.000010 0.000010
0.000010 0.210311 0.001650 0.693332 0.000335 0.070000 0.000010 0.024342 0.000010
0.007179 0.170146 0.000010 0.732836 0.000010 0.046658 0.000010 0.000010 0.043141
0.000010 0.273427 0.000010 0.726503 0.000010 0.000010 0.000010 0.000010 0.000010
0.014578 0.184689 0.006520 0.719140 0.000010 0.036623 0.006935 0.031494 0.000010
0.023982 0.000010 0.000010 0.893034 0.000010 0.000010 0.016432 0.035425 0.031087
0.000010 0.000010 0.000010 0.809834 0.000010 0.038073 0.009057 0.000010 0.142986
0.010667 0.000010 0.027110 0.827856 0.000010 0.071342 0.062986 0.000010 0.000010
0.000010 0.012564 0.000010 0.876716 0.000010 0.000010 0.016060 0.000010 0.094610
0.063151 0.067037 0.000010 0.816603 0.000010 0.000010 0.000010 0.000010 0.053160
0.002051 0.072403 0.000010 0.844072 0.000010 0.000010 0.000010 0.041637 0.039797
0.003856 0.000010 0.008536 0.855085 0.000010 0.000946 0.000010 0.039002 0.092546
0.046660 0.113818 0.000673 0.791014 0.000010 0.011436 0.036369 0.000010 0.000010
0.016418 0.246605 0.012755 0.658420 0.000010 0.000010 0.009795 0.000010 0.055977
0.000010 0.000010 0.000010 0.823306 0.000010 0.046426 0.045053 0.002688 0.082487
0.023090 0.000010 0.000010 0.821234 0.000010 0.081481 0.000010 0.000010 0.074144
0.085853 0.000010 0.000010 0.772382 0.000010 0.055190 0.046071 0.000010 0.040463
0.040698 0.000010 0.000010 0.842783 0.001323 0.023584 0.049578 0.000010 0.042004
0.000010 0.000010 0.000010 0.704447 0.000010 0.100101 0.096132 0.000010 0.099270
0.005642 0.000010 0.000010 0.831215 0.000010 0.138694 0.000010 0.024400 0.000010
0.028403 0.041575 0.000010 0.832056 0.000010 0.028847 0.000010 0.069078 0.000010
0.000314 0.088685 0.000010 0.745591 0.000010 0.123276 0.000010 0.000010 0.042094
0.021708 0.160678 0.000010 0.784221 0.000010 0.033343 0.000010 0.000010 0.000010
0.013586 0.191757 0.000010 0.672577 0.000010 0.095714 0.008252 0.000010 0.018085
0.021912 0.299486 0.000010 0.661805 0.000010 0.000010 0.016747 0.000010 0.000010
0.000010 0.195477 0.000010 0.682676 0.000010 0.121787 0.000010 0.000010 0.000010
0.039869 0.200378 0.000010 0.703684 0.000010 0.056019 0.000010 0.000010 0.000010
0.041760 0.099029 0.000010 0.816636 0.000010 0.042525 0.000010 0.000010 0.000010
0.036083 0.198063 0.000010 0.720537 0.000010 0.013175 0.032102 0.000010 0.000010
0.000010 0.270938 0.000010 0.640565 0.000010 0.057934 0.025987 0.004536 0.000010
0.009840 0.221711 0.000010 0.751311 0.000010 0.000010 0.017088 0.000010 0.000010
0.000010 0.190955 0.000010 0.728235 0.000010 0.055198 0.002141 0.000010 0.023430
0.033117 0.197459 0.017676 0.677913 0.000010 0.060612 0.000010 0.000010 0.013192
0.000010 0.293081 0.000010 0.649990 0.000010 0.000010 0.056869 0.000010 0.000010
0.016404 0.241912 0.008621 0.733013 0.000010 0.000010 0.000010 0.000010 0.000010
0.005780 0.279976 0.021984 0.650511 0.000357 0.033725 0.005981 0.001677 0.000010
0.001122 0.061388 0.000010 0.808368 0.000245 0.117317 0.011530 0.000010 0.000010
0.000010 0.258993 0.000010 0.705347 0.000014 0.020879 0.014727 0.000010 0.000010
0.004745 0.252474 0.000010 0.638744 0.000010 0.098834 0.000011 0.005163 0.000010
0.019534 0.354493 0.000010 0.617449 0.000010 0.008475 0.000010 0.000010 0.000010
0.000010 0.194083 0.000010 0.769602 0.000010 0.010524 0.025742 0.000010 0.000010
0.027680 0.196297 0.000010 0.684019 0.000010 0.090177 0.001787 0.000010 0.000010
0.016392 0.176775 0.000010 0.806772 0.000011 0.000010 0.000010 0.000010 0.000010
0.025413 0.135831 0.000010 0.782194 0.000010 0.000010 0.050542 0.005981 0.000010
0.000010 0.190776 0.000010 0.705155 0.000010 0.096369 0.000010 0.007650 0.000010
0.000010 0.312290 0.021263 0.531330 0.000010 0.077326 0.000010 0.020771 0.036990
0.012459 0.091004 0.000010 0.880694 0.000150 0.000010 0.015653 0.000010 0.000010
0.002406 0.251663 0.000010 0.745870 0.000010 0.000010 0.000010 0.000010 0.000010
0.017543 0.232598 0.000010 0.718466 0.000010 0.000010 0.031344 0.000010 0.000010
0.031421 0.224999 0.000010 0.713801 0.000010 0.000010 0.000010 0.029728 0.000010
0.009927 0.141935 0.000010 0.726630 0.000010 0.105969 0.000010 0.000010 0.015499
0.000010 0.108282 0.000010 0.670623 0.000010 0.174373 0.046672 0.000010 0.000010
0.003396 0.261270 0.000010 0.685229 0.000483 0.025709 0.023883 0.000010 0.000010
0.000010 0.058162 0.000010 0.835415 0.000010 0.022956 0.013254 0.000010 0.070174
0.022355 0.000010 0.000010 0.866936 0.000010 0.000010 0.078761 0.000010 0.031899
0.000010 0.000010 0.000010 0.799858 0.000010 0.091921 0.025638 0.000010 0.082533
0.047790 0.000010 0.000010 0.829035 0.000010 0.000010 0.123115 0.000010 0.000010
0.047880 0.000010 0.026395 0.821458 0.000010 0.004276 0.000010 0.000010 0.099951
0.028022 0.000010 0.000010 0.835844 0.000010 0.040855 0.012505 0.062723 0.020021
0.011121 0.000010 0.000010 0.930342 0.000010 0.000010 0.029038 0.000010 0.029449
0.027069 0.000010 0.000010 0.856569 0.000010 0.049418 0.052060 0.000010 0.014845
0.000010 0.000010 0.027701 0.750443 0.000010 0.104903 0.023196 0.018418 0.075309
0.027317 0.050121 0.002715 0.736120 0.000010 0.120583 0.010997 0.000010 0.052128
0.018238 0.000010 0.000010 0.849613 0.000010 0.070655 0.061444 0.000010 0.000010
0.043576 0.000010 0.000010 0.911179 0.000010 0.032687 0.012508 0.000010 0.000010
0.000092 0.022700 0.019636 0.867245 0.000010 0.005000 0.000010 0.000134 0.085174
0.051762 0.000010 0.000010 0.852848 0.000010 0.054535 0.005355 0.000010 0.035460
0.000010 0.040201 0.000010 0.843701 0.000010 0.048290 0.000010 0.000010 0.067758
0.000010 0.045650 0.000010 0.837185 0.000010 0.000010 0.048530 0.000010 0.068586
0.016760 0.000010 0.000010 0.913667 0.000010 0.000010 0.021099 0.000010 0.048423
0.000010 0.000010 0.000010 0.737416 0.000010 0.175640 0.044711 0.015365 0.026828
0.031282 0.000010 0.000010 0.864076 0.000010 0.000010 0.000010 0.012869 0.091724
0.041380 0.000010 0.000010 0.907901 0.000010 0.000010 0.000010 0.050659 0.000010
0.032288 0.035714 0.000010 0.808058 0.000010 0.008601 0.049353 0.000010 0.065955
0.049324 0.000010 0.000010 0.857223 0.000010 0.000010 0.020865 0.029346 0.043203
0.066876 0.000010 0.000010 0.851187 0.000010 0.000010 0.010094 0.033483 0.038321
0.063587 0.000010 0.000010 0.856790 0.000010 0.000010 0.000010 0.000010 0.079564
0.006526 0.000010 0.000010 0.878758 0.000010 0.050562 0.043449 0.000010 0.020665
0.018375 0.000010 0.000010 0.880636 0.000010 0.000010 0.042876 0.000010 0.058063
0.011343 0.000010 0.000010 0.881459 0.000010 0.000010 0.000010 0.039014 0.068134
0.018126 0.005601 0.000010 0.951528 0.000454 0.000010 0.000010 0.000010 0.024251
0.009860 0.000010 0.000010 0.809318 0.000010 0.084758 0.011040 0.000010 0.084984
0.000010 0.000010 0.000010 0.856414 0.000010 0.000010 0.020605 0.000010 0.122921
0.042879 0.000010 0.000010 0.893944 0.000010 0.000010 0.000010 0.000010 0.063117
0.000010 0.000010 0.010703 0.802394 0.000010 0.069473 0.024182 0.000010 0.093207
0.000152 0.000010 0.000010 0.778706 0.000010 0.184795 0.036298 0.000010 0.000010
0.000010 0.000010 0.000010 0.845073 0.000010 0.000010 0.000010 0.114698 0.040169
0.000010 0.000010 0.005275 0.874137 0.000820 0.045569 0.000010 0.000010 0.074159
0.032509 0.064668 0.034237 0.762435 0.000010 0.027639 0.000010 0.078482 0.000010
0.000010 0.000010 0.000010 0.905244 0.000010 0.000010 0.000010 0.000010 0.094686
0.059704 0.000010 0.000010 0.826885 0.000010 0.068433 0.007647 0.033768 0.003534
0.049295 0.035780 0.000010 0.831441 0.000010 0.022620 0.000010 0.000010 0.060824
0.044185 0.000010 0.000010 0.879901 0.003364 0.025690 0.044856 0.000010 0.001974
0.067065 0.090602 0.002766 0.750952 0.000010 0.000010 0.022336 0.000010 0.066250
0.032271 0.000010 0.000010 0.809520 0.000010 0.102812 0.017097 0.038260 0.000010
0.001548 0.000010 0.000010 0.918301 0.000010 0.000010 0.000010 0.000010 0.080092
0.016878 0.000010 0.000010 0.774190 0.000010 0.048829 0.068414 0.000010 0.091650
0.030510 0.000010 0.035898 0.853883 0.000010 0.023103 0.030443 0.026133 0.000010
0.022970 0.000010 0.000010 0.901360 0.000010 0.010077 0.014018 0.000010 0.051535
0.031997 0.000010 0.019142 0.819283 0.003350 0.056983 0.045594 0.000010 0.023632
0.041158 0.129240 0.000010 0.780569 0.000010 0.000010 0.000010 0.000010 0.048982
0.120623 0.024792 0.002305 0.836958 0.000010 0.000010 0.000776 0.000010 0.014515
0.027157 0.000010 0.000010 0.845369 0.000010 0.008196 0.023728 0.000010 0.095509
0.000010 0.040471 0.000010 0.814838 0.000010 0.062231 0.000010 0.000010 0.082410
0.003304 0.000010 0.000010 0.855279 0.000593 0.000010 0.000010 0.048777 0.092007
0.009918 0.074208 0.000010 0.797911 0.000010 0.027127 0.012501 0.078304 0.000010
0.032466 0.000010 0.000010 0.893233 0.000010 0.060285 0.000010 0.000010 0.013966
0.006831 0.000010 0.000010 0.852898 0.000010 0.070216 0.020418 0.041194 0.008414
0.057516 0.000010 0.000010 0.818433 0.000010 0.000010 0.006805 0.038336 0.078870
0.012820 0.000010 0.000010 0.785774 0.000010 0.024223 0.035054 0.000010 0.142089
0.013942 0.004696 0.007065 0.912497 0.000010 0.000010 0.000010 0.000010 0.061761
0.070975 0.000010 0.000010 0.746084 0.000010 0.117115 0.000010 0.000010 0.065776
0.019507 0.000010 0.000010 0.872473 0.000010 0.000010 0.069161 0.000010 0.038810
0.045590 0.000010 0.000010 0.875356 0.000010 0.000010 0.000010 0.017263 0.061742
0.000010 0.000010 0.000010 0.895930 0.000010 0.000010 0.042426 0.000010 0.061584
0.060575 0.000010 0.000010 0.796159 0.000010 0.084039 0.000010 0.000010 0.059177
0.016629 0.000010 0.000010 0.856421 0.000010 0.068798 0.001845 0.000010 0.056268
0.000010 0.078066 0.000010 0.790082 0.000010 0.067654 0.000010 0.000010 0.064149
0.027038 0.000010 0.000010 0.784399 0.000010 0.118247 0.016585 0.000010 0.053691
0.009413 0.000010 0.000010 0.823732 0.000010 0.071742 0.039601 0.015324 0.040158
0.006609 0.000010 0.000010 0.858431 0.000010 0.008651 0.017229 0.000010 0.109040
0.066519 0.000010 0.015611 0.821366 0.000010 0.037846 0.000010 0.000010 0.058618
0.000019 0.044015 0.000010 0.783989 0.000010 0.051476 0.007295 0.000010 0.113177
0.036823 0.026094 0.000010 0.804231 0.000010 0.026779 0.035546 0.000010 0.070498
0.006632 0.000010 0.000010 0.864587 0.000010 0.052734 0.000010 0.000010 0.075997
0.021322 0.000010 0.000010 0.844507 0.000010 0.000010 0.006712 0.000010 0.127409
0.061511 0.000010 0.000010 0.873628 0.000010 0.000010 0.000010 0.000010 0.064800
0.064870 0.000010 0.000010 0.801628 0.000010 0.031388 0.020975 0.000010 0.081099
0.000010 0.054616 0.000010 0.806165 0.000010 0.075949 0.000010 0.000010 0.063221
0.035296 0.000010 0.021068 0.844570 0.000010 0.017861 0.007288 0.000010 0.073888
0.000010 0.000010 0.019547 0.876926 0.000010 0.000010 0.037148 0.066330 0.000010
0.000010 0.041431 0.000010 0.844799 0.000010 0.000010 0.008646 0.085584 0.019499
0.000010 0.000010 0.000010 0.918335 0.000010 0.039481 0.000010 0.000010 0.042124
0.017380 0.000010 0.000010 0.881230 0.000010 0.000010 0.003111 0.000010 0.098229
0.011904 0.000010 0.000010 0.900859 0.000010 0.000010 0.000010 0.000010 0.087177
0.000010 0.000010 0.000010 0.000010 0.000010 0.000010 0.000010 0.496833 0.503097
0.043306 0.000010 0.000010 0.000010 0.000010 0.000010 0.000010 0.619270 0.337363
0.030119 0.000010 0.000010 0.000010 0.000010 0.000010 0.000010 0.551620 0.418201
0.033559 0.000010 0.000010 0.000010 0.000010 0.000010 0.000010 0.397915 0.568465
0.057337 0.000010 0.000010 0.000010 0.000010 0.000010 0.000010 0.704749 0.237854
0.032655 0.000010 0.000010 0.000010 0.000010 0.000010 0.000010 0.558641 0.408644
0.000010 0.000010 0.000010 0.000010 0.000010 0.000010 0.000010 0.615888 0.384042
0.018081 0.000010 0.000010 0.000010 0.000010 0.000010 0.000010 0.683676 0.298183
0.006471 0.000010 0.000010 0.000010 0.000010 0.000010 0.000010 0.581818 0.411651
0.032913 0.000010 0.000010 0.000010 0.000010 0.000010 0.000841 0.607478 0.358718
0.007726 0.000010 0.000010 0.000010 0.000010 0.000010 0.000010 0.508682 0.483532
0.009520 0.000010 0.000010 0.000010 0.000010 0.000010 0.000010 0.661446 0.328975
0.000010 0.000010 0.000010 0.000010 0.000010 0.000010 0.000010 0.553603 0.446327
0.000010 0.000010 0.000010 0.000010 0.000010 0.000010 0.000010 0.643743 0.356187
0.000011 0.000010 0.000010 0.000010 0.000010 0.000010 0.000010 0.651599 0.348330
0.028419 0.000010 0.000010 0.000010 0.000010 0.000010 0.000010 0.545888 0.425633
0.026358 0.000010 0.000010 0.000010 0.000010 0.000010 0.000010 0.595337 0.378245
0.000010 0.000010 0.000010 0.000010 0.000010 0.000010 0.000010 0.605543 0.394387
0.011366 0.000010 0.000010 0.000010 0.000010 0.000010 0.013551 0.553978 0.421055
0.001692 0.000010 0.000010 0.000010 0.000010 0.000010 0.000010 0.545140 0.453108
0.000010 0.000010 0.000010 0.000010 0.000010 0.000010 0.000010 0.680386 0.319544
0.001032 0.000010 0.000010 0.000010 0.000010 0.000010 0.000010 0.591370 0.407538
0.000010 0.000010 0.000010 0.000010 0.000010 0.000010 0.000010 0.719398 0.280532
0.000010 0.000010 0.000010 0.000010 0.000010 0.000010 0.023020 0.512900 0.464020
0.000010 0.000010 0.000010 0.000010 0.000010 0.000010 0.000010 0.721801 0.278129
0.000010 0.000010 0.000010 0.000010 0.000010 0.000010 0.016218 0.534282 0.449439
0.030660 0.000010 0.000010 0.000010 0.000010 0.000010 0.000010 0.505395 0.463885
0.000010 0.000010 0.000010 0.000010 0.000010 0.000010 0.000010 0.591887 0.408043
0.000010 0.000010 0.000010 0.000010 0.000010 0.000010 0.000010 0.602139 0.397791
0.000010 0.000010 0.000010 0.000010 0.000010 0.000010 0.000010 0.616536 0.383394
0.017500 0.000010 0.000010 0.000010 0.000010 0.000010 0.000010 0.676188 0.306252
0.000010 0.000010 0.000010 0.000010 0.000010 0.000010 0.000010 0.657005 0.342925
0.000010 0.000010 0.000010 0.000010 0.000010 0.000010 0.000010 0.575002 0.424928
0.028365 0.000010 0.000010 0.000010 0.000010 0.000010 0.000010 0.536177 0.435398
0.011436 0.000010 0.000010 0.000010 0.000010 0.000010 0.000010 0.598302 0.390202
0.000010 0.000010 0.000010 0.000010 0.000010 0.000010 0.000010 0.668404 0.331526
0.000558 0.000010 0.001367 0.000010 0.000010 0.000010 0.002354 0.707156 0.288525
0.000010 0.000010 0.000010 0.000010 0.000010 0.000010 0.000010 0.679169 0.320761
0.000010 0.000010 0.020390 0.000010 0.000010 0.000010 0.000010 0.745412 0.234138
0.004272 0.000010 0.000010 0.000010 0.000010 0.000010 0.000010 0.464320 0.531348
0.000010 0.000010 0.000010 0.000010 0.000010 0.000010 0.000010 0.631187 0.368743
0.000010 0.000010 0.000010 0.000010 0.000010 0.000010 0.000010 0.429115 0.570815
0.012341 0.000010 0.000010 0.000010 0.000010 0.000010 0.000010 0.472606 0.514993
0.000429 0.000010 0.000010 0.000010 0.000010 0.000010 0.000010 0.376879 0.622633
0.000010 0.000010 0.000010 0.000010 0.000010 0.000010 0.000010 0.666693 0.333237
0.000010 0.000010 0.000010 0.000010 0.000010 0.000010 0.002512 0.427010 0.570417
0.000010 0.000010 0.000010 0.000010 0.000010 0.000010 0.000010 0.567600 0.432330
0.022932 0.000010 0.000010 0.000010 0.000010 0.000010 0.000010 0.447238 0.529770
0.000010 0.000010 0.000010 0.000010 0.000010 0.000010 0.000010 0.592494 0.407436
0.003837 0.000010 0.000010 0.000010 0.000010 0.000010 0.000010 0.485967 0.510135
0.001281 0.000010 0.000010 0.000010 0.000010 0.000010 0.000010 0.514946 0.483713
0.000157 0.000010 0.000010 0.000010 0.000010 0.000010 0.000010 0.593475 0.406308
0.001758 0.000010 0.000010 0.000010 0.000010 0.000010 0.000010 0.477514 0.520668
0.046482 0.000010 0.000010 0.000010 0.000010 0.000010 0.000010 0.548458 0.405000
0.027166 0.000010 0.000010 0.000010 0.000010 0.024656 0.000010 0.476789 0.471338
0.000010 0.000010 0.000010 0.000010 0.000010 0.000010 0.013319 0.570990 0.415631
0.013873 0.000010 0.000010 0.000010 0.000010 0.000010 0.000010 0.535506 0.450561
0.027074 0.000010 0.000010 0.000010 0.000010 0.000010 0.000010 0.565703 0.407163
0.035925 0.000010 0.000010 0.000010 0.000010 0.000010 0.000010 0.528798 0.435217
0.039051 0.000010 0.000010 0.000010 0.000010 0.000010 0.000010 0.694054 0.266835
0.000010 0.000010 0.000010 0.000010 0.000010 0.000010 0.002529 0.782469 0.214942
0.027820 0.000010 0.000010 0.000010 0.000010 0.000010 0.000010 0.667455 0.304665
0.020445 0.000010 0.000010 0.000010 0.000010 0.000010 0.000010 0.497476 0.482019
0.000010 0.000010 0.000010 0.000010 0.000010 0.000010 0.000010 0.618618 0.381312
0.002201 0.000010 0.000010 0.000010 0.000010 0.000010 0.000010 0.544574 0.453166
0.008004 0.000010 0.000010 0.000010 0.000010 0.000010 0.000010 0.560914 0.431022
0.021845 0.000010 0.000010 0.000010 0.000010 0.000010 0.000010 0.664141 0.313955
0.030638 0.000010 0.000010 0.000010 0.000010 0.000010 0.000010 0.638956 0.330346
0.066391 0.459017 0.053262 0.296903 0.000010 0.000010 0.124388 0.000010 0.000010
0.014174 0.358547 0.074935 0.425687 0.000010 0.015874 0.100438 0.000010 0.010325
0.001015 0.415286 0.202445 0.205781 0.000010 0.000010 0.153167 0.000010 0.022276
0.021906 0.440467 0.069885 0.299699 0.000010 0.016645 0.151367 0.000010 0.000010
0.013497 0.451852 0.133981 0.242062 0.000010 0.000276 0.158302 0.000010 0.000010
0.006327 0.000010 0.000010 0.000010 0.000010 0.000010 0.000010 0.656835 0.336778
0.034080 0.000010 0.000010 0.000010 0.000010 0.000010 0.000010 0.523636 0.442224
0.000010 0.000010 0.000010 0.000010 0.000010 0.000010 0.000010 0.677191 0.322739
0.000010 0.000010 0.000010 0.000010 0.000010 0.000010 0.000010 0.463055 0.536875
0.037847 0.000010 0.000010 0.000010 0.000010 0.000010 0.000010 0.625003 0.337091
0.010558 0.000010 0.000010 0.000010 0.000010 0.000010 0.000010 0.388564 0.600818
0.000010 0.000010 0.000010 0.000014 0.000010 0.000010 0.000010 0.598907 0.401019
0.000010 0.000010 0.000010 0.000010 0.000010 0.000010 0.005446 0.676649 0.317845
0.000010 0.000010 0.000010 0.000010 0.000010 0.000010 0.000392 0.577323 0.422225
0.000235 0.000010 0.000010 0.000010 0.000010 0.000010 0.000010 0.688225 0.311480
0.025388 0.000010 0.004850 0.000010 0.000010 0.000010 0.000010 0.524237 0.445475
0.022965 0.000010 0.000010 0.000010 0.000010 0.000010 0.000010 0.578912 0.398063
0.043500 0.000010 0.000010 0.000010 0.000010 0.000010 0.000010 0.429449 0.526991
0.012202 0.000010 0.000010 0.000010 0.000010 0.000010 0.000010 0.428237 0.559501
0.028558 0.000010 0.000010 0.000010 0.000010 0.000010 0.000010 0.413397 0.557985
0.040472 0.000010 0.000010 0.000010 0.000010 0.000010 0.000010 0.604248 0.355220
0.015350 0.000010 0.000010 0.000010 0.000010 0.000010 0.000010 0.670885 0.313705
0.033928 0.000010 0.000010 0.000010 0.000010 0.000010 0.000010 0.556683 0.409329
0.000010 0.000010 0.000010 0.000010 0.000010 0.000010 0.000010 0.614609 0.385321
0.000010 0.000010 0.008714 0.000010 0.000010 0.000010 0.000010 0.687938 0.303289
0.000010 0.000010 0.000010 0.000010 0.000010 0.000010 0.000010 0.652505 0.347425
0.000010 0.016157 0.000010 0.000010 0.000010 0.000010 0.000010 0.459629 0.524154
0.011823 0.000010 0.000010 0.000010 0.000010 0.000010 0.002666 0.769609 0.215852
0.016021 0.000010 0.000010 0.000010 0.000010 0.000010 0.000010 0.555745 0.428174
0.000010 0.000010 0.000010 0.000010 0.000010 0.000010 0.000010 0.476051 0.523879
0.000010 0.000010 0.000010 0.000010 0.000010 0.000010 0.000010 0.538403 0.461527
0.000010 0.000010 0.000010 0.000010 0.000010 0.000010 0.000010 0.461304 0.538626
0.007770 0.000010 0.000010 0.000010 0.000010 0.000010 0.000010 0.617898 0.374271
0.000010 0.000010 0.000010 0.000010 0.000010 0.000010 0.008964 0.453014 0.537961
0.052322 0.000010 0.000010 0.000010 0.000010 0.000010 0.000010 0.562776 0.384842
0.000010 0.000010 0.000010 0.000010 0.000010 0.000010 0.000010 0.568815 0.431115
0.033837 0.000010 0.000010 0.000010 0.000010 0.000010 0.000010 0.564488 0.401615
0.014276 0.000010 0.000010 0.000010 0.000010 0.000010 0.000010 0.549531 0.436133
0.000010 0.000010 0.000010 0.000010 0.000010 0.000010 0.000010 0.489628 0.510302
0.000010 0.000010 0.000010 0.000010 0.000010 0.000010 0.000010 0.551826 0.448104
0.048771 0.000010 0.000010 0.000010 0.000010 0.000010 0.000010 0.554766 0.396404
0.000010 0.003344 0.000010 0.000010 0.000010 0.000010 0.000010 0.323555 0.673041
0.007483 0.000010 0.000010 0.000010 0.000010 0.000010 0.000010 0.426860 0.565597
0.000010 0.000010 0.000010 0.000010 0.000011 0.000010 0.001836 0.587252 0.410850
0.053475 0.009075 0.000010 0.000010 0.000010 0.000010 0.000010 0.547117 0.390283
0.008135 0.006048 0.000010 0.000010 0.000010 0.000010 0.000010 0.704314 0.281453
0.000010 0.000010 0.000010 0.000010 0.000010 0.019221 0.000010 0.577305 0.403414
0.032216 0.000010 0.000010 0.000010 0.000010 0.000010 0.000010 0.559994 0.407730
0.077756 0.000010 0.000010 0.000010 0.000010 0.000010 0.000010 0.779666 0.142519
0.021573 0.000010 0.000010 0.000010 0.000010 0.000010 0.000010 0.650547 0.327819
0.079320 0.000010 0.000010 0.000010 0.000010 0.000010 0.000010 0.731638 0.188983
0.029469 0.000010 0.000010 0.000010 0.000010 0.000010 0.000010 0.548624 0.421847
0.020779 0.000010 0.000010 0.000010 0.000010 0.000010 0.007470 0.496774 0.474927
0.020909 0.000010 0.000010 0.000010 0.000010 0.000010 0.000010 0.584660 0.394371
0.000010 0.000010 0.000010 0.000010 0.000010 0.000010 0.000010 0.655845 0.344085
0.021924 0.000010 0.000010 0.000010 0.000010 0.000010 0.011328 0.500578 0.466120
0.028684 0.000010 0.004609 0.000010 0.000010 0.000010 0.000010 0.556624 0.410033
0.024087 0.000010 0.000010 0.000010 0.000010 0.000010 0.000010 0.384885 0.590968
0.049158 0.000010 0.000010 0.000010 0.000010 0.000010 0.007327 0.534740 0.408725
0.036095 0.199956 0.188058 0.394040 0.000351 0.025602 0.143381 0.000010 0.012507
0.046483 0.267677 0.208055 0.288396 0.000010 0.051608 0.137751 0.000010 0.000010
0.071717 0.213834 0.121731 0.410137 0.000010 0.045498 0.137052 0.000010 0.000010
0.009848 0.349818 0.072875 0.397550 0.000010 0.000010 0.169870 0.000010 0.000010
0.000010 0.435701 0.074727 0.296402 0.000010 0.000010 0.193120 0.000010 0.000010
0.000010 0.422236 0.059723 0.292023 0.000628 0.006239 0.207495 0.011636 0.000010
0.036529 0.000010 0.000010 0.000010 0.000010 0.000010 0.000010 0.644325 0.319086
0.024392 0.000010 0.000010 0.000010 0.000010 0.000010 0.000010 0.769693 0.205855
0.044340 0.000010 0.000010 0.000010 0.000010 0.000010 0.000010 0.660374 0.295226
0.000010 0.000010 0.000010 0.000010 0.000010 0.000010 0.000010 0.803785 0.196145
0.042217 0.000010 0.000010 0.000010 0.000010 0.000010 0.000010 0.626005 0.331718
0.028393 0.000010 0.000010 0.000010 0.000010 0.000010 0.000010 0.696750 0.274797
0.009801 0.000010 0.000010 0.000010 0.000010 0.000010 0.000010 0.722241 0.267898
0.000010 0.000010 0.000010 0.000010 0.000010 0.000010 0.027657 0.615508 0.356775
0.003398 0.000010 0.000010 0.000010 0.000010 0.000010 0.000010 0.639488 0.357055
0.034025 0.000010 0.000010 0.000010 0.000010 0.000010 0.000010 0.667158 0.298757
0.035928 0.000010 0.000010 0.000010 0.000010 0.000010 0.000010 0.769049 0.194963
0.000010 0.000010 0.000010 0.000010 0.000010 0.000010 0.000010 0.771907 0.228023
0.022486 0.000010 0.000010 0.000010 0.000010 0.000010 0.000010 0.570164 0.407290
0.018430 0.000010 0.000010 0.000010 0.000010 0.000010 0.000010 0.720723 0.260788
0.015874 0.000010 0.000010 0.000010 0.000010 0.000010 0.000010 0.632819 0.351247
0.030593 0.000010 0.000010 0.000010 0.000010 0.000010 0.000010 0.716644 0.252703
0.000010 0.000010 0.000010 0.000010 0.000010 0.000010 0.000010 0.779573 0.220357
0.000010 0.000010 0.000010 0.000010 0.000010 0.000010 0.000010 0.708499 0.291431
0.000010 0.000010 0.009784 0.000010 0.000010 0.000010 0.000010 0.697872 0.292284
0.000010 0.000010 0.000010 0.000010 0.000010 0.000010 0.000010 0.811515 0.188415
0.000010 0.000010 0.000010 0.000010 0.000010 0.000010 0.015531 0.663474 0.320935
0.013166 0.000010 0.000010 0.000010 0.000010 0.000010 0.011625 0.602937 0.372223
0.001757 0.000010 0.000010 0.000010 0.000010 0.000010 0.000010 0.537552 0.460631
0.007722 0.000010 0.000010 0.000010 0.000010 0.000010 0.000010 0.653592 0.338627
0.003792 0.000010 0.000010 0.000010 0.000010 0.000010 0.012783 0.662858 0.320517
0.000010 0.000010 0.000010 0.000010 0.000010 0.000010 0.000010 0.676003 0.323927
0.000010 0.000010 0.000010 0.000010 0.000010 0.000010 0.000010 0.804827 0.195103
0.008725 0.000010 0.000010 0.000010 0.000010 0.000010 0.000010 0.822830 0.168385
0.000010 0.000010 0.000010 0.000010 0.000010 0.000010 0.000010 0.838080 0.161850
0.041638 0.000010 0.000010 0.000010 0.000010 0.000010 0.000010 0.399688 0.558615
0.002768 0.000010 0.000010 0.000010 0.000010 0.000010 0.000010 0.692521 0.304651
0.028274 0.000010 0.000010 0.000010 0.000010 0.000010 0.000010 0.544507 0.427159
0.000010 0.000010 0.000010 0.000010 0.000010 0.000010 0.003837 0.791842 0.204260
0.002933 0.000010 0.000010 0.000010 0.000010 0.000010 0.000010 0.655142 0.341865
0.000010 0.000010 0.000010 0.000010 0.000010 0.000010 0.000010 0.843734 0.156196
0.012781 0.000010 0.000010 0.000010 0.000010 0.000010 0.000010 0.684820 0.302339
0.020457 0.000010 0.000010 0.000010 0.000010 0.000010 0.006942 0.813042 0.159509
0.009605 0.000010 0.000010 0.000010 0.000010 0.000010 0.000010 0.755490 0.234845
0.000010 0.000010 0.000010 0.000010 0.000010 0.000010 0.000010 0.592714 0.407216
0.056905 0.000010 0.000010 0.000010 0.000010 0.000010 0.000010 0.621421 0.321614
0.000010 0.000010 0.000010 0.000010 0.000010 0.000010 0.000010 0.685939 0.313991
0.000010 0.373025 0.043443 0.415502 0.000010 0.089660 0.078329 0.000010 0.000010
0.000010 0.318282 0.059343 0.450312 0.000010 0.031832 0.140192 0.000010 0.000010
0.000010 0.338291 0.051264 0.471355 0.000010 0.021576 0.094241 0.006233 0.017021
0.000010 0.404347 0.107000 0.255460 0.000010 0.000010 0.233143 0.000010 0.000010
0.000019 0.386749 0.089027 0.348331 0.000010 0.000010 0.143082 0.032761 0.000010
0.081181 0.378202 0.050134 0.423383 0.000011 0.000010 0.055473 0.011594 0.000010
0.000010 0.445723 0.122943 0.310272 0.000010 0.000010 0.121012 0.000010 0.000010
0.049258 0.399962 0.093855 0.331908 0.001866 0.000010 0.123121 0.000010 0.000010
0.023513 0.414995 0.066613 0.414310 0.000010 0.009959 0.070581 0.000010 0.000010
0.000010 0.452880 0.080345 0.298357 0.000010 0.000010 0.168368 0.000010 0.000010
0.011024 0.520953 0.057292 0.277616 0.000010 0.000010 0.133074 0.000010 0.000010
0.000010 0.290765 0.073346 0.450628 0.000010 0.068251 0.109785 0.000010 0.007195
0.007794 0.450702 0.030946 0.272064 0.000010 0.023588 0.199538 0.000010 0.015348
0.028552 0.000010 0.000010 0.000010 0.000010 0.014414 0.000010 0.956974 0.000010
0.091651 0.000010 0.000010 0.000010 0.000010 0.000010 0.000010 0.810314 0.097976
0.015034 0.000010 0.014802 0.000010 0.000010 0.000010 0.000010 0.970105 0.000010
0.000010 0.000010 0.009939 0.000010 0.000010 0.000010 0.000010 0.931172 0.058829
0.042063 0.000010 0.006070 0.000010 0.000010 0.000010 0.000010 0.857109 0.094708
0.000010 0.000010 0.000010 0.000010 0.000010 0.000010 0.000010 0.946198 0.053732
0.036888 0.000010 0.000010 0.000010 0.000010 0.000010 0.042066 0.920987 0.000010
0.000010 0.000010 0.000010 0.000010 0.000010 0.000010 0.000010 0.793031 0.206899
0.000010 0.000010 0.000010 0.000010 0.000010 0.000010 0.000010 0.999134 0.000796
0.030967 0.000010 0.000010 0.000010 0.000010 0.000010 0.000010 0.854462 0.114511
0.041967 0.000010 0.000010 0.000010 0.000010 0.000010 0.000010 0.923659 0.034314
0.052928 0.000010 0.000010 0.000010 0.000010 0.000010 0.000010 0.947002 0.000010
0.048473 0.000010 0.009963 0.000010 0.000010 0.000010 0.000010 0.927750 0.013764
0.035932 0.000010 0.000010 0.000010 0.000010 0.000010 0.000010 0.963998 0.000010
0.013933 0.000010 0.000010 0.000010 0.000010 0.000010 0.024203 0.900027 0.061787
0.000010 0.388250 0.057440 0.415680 0.000010 0.000010 0.079152 0.059438 0.000010
0.000010 0.351752 0.088218 0.357695 0.000010 0.043377 0.158917 0.000010 0.000010
0.001451 0.217013 0.278113 0.283962 0.000010 0.104086 0.111622 0.000010 0.003734
0.000010 0.270462 0.195420 0.281156 0.000010 0.100783 0.152138 0.000010 0.000010
0.031523 0.331702 0.236414 0.202164 0.002912 0.000010 0.195254 0.000010 0.000010
0.040554 0.312146 0.250090 0.176211 0.000010 0.000010 0.202921 0.000010 0.018049
0.000010 0.292269 0.218462 0.278417 0.000010 0.000010 0.210802 0.000010 0.000010
0.009262 0.387233 0.064257 0.310891 0.000010 0.000010 0.194624 0.033702 0.000010
0.023303 0.462664 0.130483 0.272337 0.000010 0.000010 0.070503 0.040680 0.000010
0.036054 0.384186 0.122989 0.333440 0.000010 0.000010 0.120961 0.002341 0.000010
0.000010 0.434930 0.171310 0.241360 0.000010 0.000010 0.152349 0.000010 0.000010
0.000010 0.390202 0.090190 0.370270 0.000010 0.000010 0.087924 0.000010 0.061375
0.000010 0.372792 0.049045 0.429439 0.000606 0.000010 0.110973 0.000010 0.037115
0.000010 0.348986 0.089907 0.424696 0.000010 0.000010 0.096167 0.000010 0.040204
0.003318 0.381408 0.345905 0.045429 0.004479 0.025319 0.189014 0.005119 0.000010
0.065020 0.482369 0.139464 0.238531 0.001530 0.000010 0.073057 0.000010 0.000010
0.000010 0.477968 0.077628 0.283454 0.000010 0.000010 0.160901 0.000010 0.000010
0.000010 0.399133 0.095366 0.309668 0.000010 0.000010 0.195784 0.000010 0.000010
0.000010 0.357793 0.097754 0.349003 0.000010 0.000010 0.195400 0.000010 0.000010
0.011636 0.404748 0.132370 0.262153 0.001631 0.032588 0.154855 0.000010 0.000010
0.036855 0.435522 0.042351 0.318350 0.000010 0.018610 0.148282 0.000010 0.000010
0.009535 0.423577 0.108428 0.300064 0.000010 0.030094 0.126963 0.000010 0.001320
0.009005 0.537648 0.068957 0.214491 0.000010 0.000010 0.169859 0.000010 0.000010
0.012908 0.327300 0.054884 0.353526 0.000010 0.059947 0.159278 0.000010 0.032138
0.048856 0.400665 0.040032 0.270422 0.000010 0.027285 0.212710 0.000010 0.000010
0.000010 0.331989 0.136845 0.439567 0.000010 0.050261 0.041298 0.000010 0.000010
0.035509 0.291041 0.193125 0.323071 0.000016 0.000010 0.137073 0.020145 0.000010
0.010104 0.361592 0.139524 0.299253 0.001793 0.000010 0.159036 0.000010 0.028679
0.033691 0.189171 0.087009 0.324846 0.002180 0.098915 0.264170 0.000010 0.000010
0.000010 0.288383 0.111985 0.331975 0.002715 0.000010 0.255419 0.000010 0.009494
0.025263 0.195058 0.208915 0.304486 0.000140 0.034812 0.211496 0.019820 0.000010
0.000010 0.396009 0.087515 0.300302 0.000010 0.001906 0.214228 0.000010 0.000010
0.000010 0.356836 0.133281 0.290006 0.000010 0.038565 0.181273 0.000010 0.000010
0.037470 0.310168 0.150126 0.362496 0.000010 0.014651 0.095880 0.018766 0.010431
0.000010 0.380171 0.072938 0.321329 0.000010 0.023149 0.202373 0.000010 0.000010
0.029003 0.340769 0.083725 0.359892 0.000010 0.000010 0.183696 0.000010 0.002886
0.061065 0.366905 0.217523 0.283796 0.000010 0.000010 0.055688 0.000010 0.014993
0.022159 0.389141 0.170226 0.264547 0.004675 0.026863 0.122370 0.000010 0.000010
0.000010 0.234401 0.256902 0.345512 0.000010 0.000010 0.163135 0.000010 0.000010
0.032586 0.367472 0.075330 0.324965 0.000063 0.035630 0.163933 0.000010 0.000010
0.006736 0.424418 0.074028 0.336062 0.000010 0.000010 0.090095 0.000010 0.068632
0.043015 0.378031 0.090904 0.422030 0.000038 0.000010 0.065952 0.000010 0.000010
0.038136 0.402383 0.084492 0.371452 0.000010 0.015231 0.088276 0.000010 0.000010
0.000010 0.421289 0.156965 0.293057 0.000010 0.000010 0.128639 0.000010 0.000010
0.050226 0.487060 0.113689 0.250565 0.000010 0.015550 0.082881 0.000010 0.000010
0.040773 0.403089 0.063984 0.385553 0.000388 0.000010 0.106184 0.000010 0.000010
0.025872 0.359710 0.140385 0.328203 0.000010 0.000010 0.145790 0.000010 0.000010
0.000010 0.448702 0.145496 0.314612 0.000010 0.000010 0.091141 0.000010 0.000010
0.000010 0.402233 0.151581 0.343152 0.000010 0.000010 0.093206 0.009789 0.000010
0.000010 0.329318 0.062083 0.462480 0.003066 0.028503 0.109358 0.005172 0.000010
0.021803 0.253476 0.128988 0.516471 0.000017 0.008312 0.070912 0.000010 0.000010
0.022499 0.228737 0.109564 0.465593 0.001188 0.065142 0.099554 0.007713 0.000010
0.016144 0.199030 0.249465 0.416407 0.000010 0.000010 0.089639 0.029285 0.000010
0.000010 0.104985 0.646757 0.150899 0.000010 0.000010 0.097309 0.000010 0.000010
0.017469 0.184661 0.446298 0.217461 0.000010 0.000010 0.108509 0.025573 0.000010
0.011619 0.380729 0.117370 0.308429 0.000010 0.000010 0.164610 0.000010 0.017213
0.032515 0.406501 0.096211 0.283883 0.000010 0.000010 0.180851 0.000010 0.000010
0.057188 0.473817 0.000010 0.408704 0.000010 0.000010 0.060241 0.000010 0.000010
0.000010 0.322256 0.000010 0.340213 0.000010 0.041066 0.255756 0.000010 0.040669
0.034294 0.410249 0.000010 0.308375 0.000010 0.018277 0.201336 0.000010 0.027439
0.009636 0.367809 0.000010 0.482219 0.001323 0.000010 0.138972 0.000010 0.000010
0.039361 0.295096 0.000010 0.287081 0.000010 0.000010 0.378411 0.000010 0.000010
0.000010 0.256363 0.105517 0.380509 0.000342 0.000010 0.257229 0.000010 0.000010
0.000010 0.273118 0.121834 0.144216 0.001671 0.161995 0.297136 0.000010 0.000010
0.029790 0.419713 0.061595 0.209921 0.000010 0.000010 0.278940 0.000010 0.000010
0.014469 0.342750 0.057800 0.178565 0.001355 0.075945 0.329097 0.000010 0.000010
0.031205 0.396448 0.037044 0.265779 0.000010 0.040405 0.216287 0.000010 0.012812
0.000010 0.300382 0.049059 0.354132 0.000092 0.000010 0.277917 0.018389 0.000010
0.057480 0.310332 0.061945 0.482138 0.000010 0.000010 0.088065 0.000010 0.000010
0.000010 0.288420 0.134698 0.362798 0.000475 0.000010 0.213569 0.000010 0.000010
0.000010 0.303916 0.091320 0.404407 0.000010 0.000010 0.180224 0.000010 0.020093
0.000010 0.375013 0.106796 0.257591 0.004829 0.000010 0.252584 0.003156 0.000010
0.020142 0.241691 0.005476 0.344857 0.000010 0.000010 0.306864 0.057410 0.023541
0.015809 0.353094 0.039724 0.247185 0.001841 0.000010 0.296189 0.046138 0.000010
0.000010 0.276850 0.191656 0.169833 0.000010 0.046731 0.314797 0.000103 0.000010
0.026910 0.395500 0.046464 0.267793 0.000010 0.005649 0.242117 0.015549 0.000010
0.000010 0.386952 0.186607 0.180390 0.000010 0.000010 0.246002 0.000010 0.000010
0.016756 0.203721 0.187491 0.237243 0.000010 0.000010 0.354749 0.000010 0.000010
0.021969 0.281586 0.008240 0.388322 0.001025 0.032758 0.236596 0.029494 0.000010
0.010201 0.303823 0.084972 0.209912 0.000010 0.000010 0.391052 0.000010 0.000010
0.020485 0.341088 0.055397 0.286098 0.000010 0.017803 0.279099 0.000010 0.000010
0.029126 0.345616 0.178543 0.228692 0.000010 0.000010 0.163878 0.054115 0.000010
0.005207 0.324865 0.054141 0.284430 0.000010 0.109461 0.221866 0.000010 0.000010
0.025646 0.217378 0.182998 0.419835 0.000010 0.008043 0.146071 0.000010 0.000010
0.060477 0.368683 0.228979 0.216102 0.000073 0.000010 0.125657 0.000010 0.000010
0.000010 0.640949 0.026170 0.201409 0.000010 0.080158 0.051274 0.000010 0.000010
0.037537 0.481593 0.121223 0.243290 0.000010 0.030422 0.059671 0.026244 0.000010
0.034641 0.303866 0.126405 0.356472 0.000928 0.024510 0.153159 0.000010 0.000010
0.000010 0.261698 0.163476 0.364775 0.000355 0.000010 0.185443 0.024223 0.000010
0.000010 0.235326 0.155446 0.387390 0.002117 0.033047 0.186644 0.000010 0.000010
0.034731 0.432343 0.083417 0.367024 0.002623 0.000010 0.076956 0.002887 0.000010
0.079613 0.422186 0.089606 0.267589 0.000010 0.000010 0.120799 0.020177 0.000010
0.024616 0.478044 0.092113 0.277093 0.000010 0.000010 0.119726 0.008377 0.000010
0.029500 0.458717 0.068955 0.336099 0.000010 0.000010 0.106688 0.000010 0.000010
0.008925 0.281530 0.050708 0.358969 0.002200 0.025090 0.234733 0.000010 0.037836
